19722279
15956611
31002071
29554271
19651770
23497207
22367545
18936077
21269496
28202068
28391410
20810649
19933100
20969783
27471359
34830424
28496106
21536904
18640983
21999324
30532259
21152271
23691462
28986446
21823666
28243688
28819289
29539424
35903293
27861609
28223504
26494712
15647113
31501894
35235778
23326640
23509263
26412398
32702045
18493301
32601198
14668487
23235527
21172408
17875210
19440511
18511296
37364049
15764699
24785005
36469488
28287632
21507348
15625111
15289463
19176478
32176686
35658600
21822171
25154876
27503891
17142484
26818515
34572064
19135167
36300632
24758762
35394875
25232683
30125121
34857632
28605388
21307210
34723793
27310814
35141172
28580316
32753614
29894182
36417433
11566986
20462954
22523073
23226506
30042191
26779811
30002431
37067430
11050236
36117048
19918364
37936122
23002115
15270082
31001806
16921385
27711193
23620725
26344057
22544748
