39058994
38701998
38686630
38736172
38640546
38589729
39018623
39058924
38892181
38794385
38624005
38763681
38996815
38574179
38974199
38374801
38609243
38937930
38998752
38976941
38860238
38723163
38663708
38388056
38948404
37222731
38825597
38737580
39083550
38931067
38873437
39072505
38680181
38598852
38628183
38440674
38919818
38927327
38857720
39026428
38927629
38653894
38091788
38927303
38998581
38897019
39048005
38758594
39091313
38726829
38686025
38927729
38890940
38851149
38667405
38927018
38903445
39106932
38867884
39065294
36449015
38335591
38988530
38769723
39098679
38866836
38796845
38812734
38602688
39025914
38608786
39068802
38714928
39049910
38930488
38970497
38704071
38969681
38608502
39064940
38899439
38791351
39064763
39080142
38890882
38704417
38513697
38103502
38585069
38403222
38961199
38702658
38845993
39103347
38752124
38690890
38381322
38931143
38829375
38049267
38685867
38561441
38586149
38651309
38686115
39013508
38873662
37562705
38315309
38783337
38663118
39064892
38611405
39101802
38820796
38743609
39011311
38952990
38946892
38942961
38522698
38790625
38873450
38724922
38616099
38754167
38547950
38146104
38807365
38733093
38619447
38982358
38927696
38747471
38583398
38790791
38890293
39065454
38916298
38705333
38431016
38998507
38938631
39115952
38549549
38891369
39131626
38876342
38890868
38733682
38941447
38366577
38431884
38379303
38079373
38844823
38969662
39079269
38765047
39008925
38623551
39068861
38689753
38838891
38732482
38437940
38709869
38538824
38952705
39000728
38586226
39084776
39003501
37776440
38709762
38828224
38726437
38817936
38807422
38947476
39030813
38811468
38862318
38697432
39094891
38808631
39065444
39048192
38312101
38611423
39049922
38763729
38766508
39098961
38604433
39129060
39071489
38972626
39023506
38638354
38606910
38834120
38809684
38537104
38723829
38290299
36622610
38314862
38520838
38890887
38787856
38832302
38430769
39027102
38841502
39107580
38629447
39056229
38170668
38719831
39067104
38887158
38531822
39024886
39116975
38882333
38523243
39124263
38253109
38839598
38904862
38099505
39028844
38818614
38367784
38787845
38685255
38659972
38891338
38956988
38891386
39045317
39024476
38680377
38791120
38243613
38763265
38974976
39104509
39009624
38467094
38687907
38692554
38650389
38442829
38863245
38668350
38861470
39039136
38974188
38574111
38773935
38273660
38893561
38876228
38792175
38794393
39000098
38893945
38797094
39062727
38694543
39062649
38645398
38714535
38886543
38428771
38674022
39014327
38751836
37406186
38611407
38930310
38722893
38490458
38819320
38284773
38980417
38731610
38622441
38978523
39045224
39125807
39070166
38613966
38608732
39107692
39089019
38952066
38824726
38667391
39008692
38381158
38460421
38928793
38638325
38911985
38366362
38826716
38892254
38844832
38605295
38763250
38609227
38776519
38763329
38970808
39055260
37550770
38720716
38912820
37061992
38488068
38779411
38737256
39122078
38839221
