29090707
20700909
18952511
19590014
16009334
15845487
31056253
32084490
30580588
11507762
30591587
24584089
25010413
12651001
38212263
26809613
20518064
30248156
29762030
20093743
14503841
33290064
15381063
16153017
10671518
17363272
26988418
27037516
16888367
21502374
23082897
19095658
30118682
32607990
11694298
22015539
16793415
28750811
19552888
22139870
24069433
22407690
16275349
12523645
26991273
15858262
31986048
11437602
31482041
12474394
18397775
18074334
32869988
17137326
27130503
23420633
23716622
30391811
19504237
22805839
11884590
26674342
18471875
17634236
12034711
27216643
29924367
34768956
37017001
26794529
36515840
10779871
25453831
12761400
18952981
21403953
30092227
29791485
18489134
38884001
10753969
12734563
17094242
19181706
10993906
21314946
26619963
32849734
30111632
21212492
11851943
17681535
22521230
20803093
24118862
17546029
22847694
12832770
20433202
17314511
35607830
25761473
15822917
24043424
39103443
15356266
18688756
27334702
18275518
17178262
24128525
16829521
23853580
23960079
36190279
31734923
18093654
15287583
27167971
17330950
38895409
28411223
17581629
17622165
19957969
32389854
27054553
18266262
12716905
32073997
27678138
11840163
25568342
20346173
14674246
17617665
36089190
27703004
18719252
11254741
34085218
16120602
21179020
25253733
12645902
21210654
31939678
25928566
26805578
33344439
38964379
18707149
29019215
37061214
28098450
12058176
25575281
20135298
25495601
32786753
31877782
21044083
28818618
11463578
21500864
19588889
33264668
11289223
17269724
31024594
35852812
19507146
16212429
37671955
18988023
17999932
26984043
25625564
17609898
28351835
18573811
25473089
15075342
28722797
34454076
11000268
24358479
22522808
18306177
16731976
22910209
15378708
15131123
12080067
19764742
21877275
26729242
20463663
14680962
16342941
21893201
16767791
26536866
25164490
11788800
30083817
25759169
15919091
12172647
10870950
18711636
23632627
28624493
11164789
26110759
34155551
20479891
35171492
21903270
17425140
21685204
22159600
15175657
27586335
29660285
12673353
31969387
34362892
16809785
10938367
24659785
27730545
18388458
27158783
28581639
32599297
19631221
12413815
25762721
11478801
22251793
22722102
33175391
26118995
26953342
14737037
18756096
21708266
10839456
22737224
27557794
12011358
15971195
32625026
35061003
11085234
15626337
28707664
15474043
29281256
15674795
28112396
29932650
26157099
19544035
18450743
28883622
17269734
21492476
27514916
22270236
14636046
16420570
26840910
30683686
22576082
20671728
24688320
21307595
15193243
34712749
30183167
19378191
22916032
24136551
36976618
21137083
21604797
11859075
19834888
26574906
31914616
12060738
19821091
25886360
32760417
15282305
16302687
21888893
35452674
20392738
37858757
20359537
36657349
15769876
18592179
25276097
15249043
37264058
31300289
21627537
10749675
18090239
23326450
34484299
16129440
18216124
17616116
15363395
17855172
24145035
28588593
27987026
26831069
32360026
24671686
18643977
32241891
18429211
20164180
18823142
14766302
23429521
23212166
22451360
15477087
10997715
26631122
19111170
23543807
36082977
22190034
20357058
21948420
33150985
27421965
26870755
32564736
37620325
23245330
16457601
15878155
28557017
17623931
27837532
24860091
36284469
38363599
31176713
12729730
12832793
11576447
21766784
22806739
17050615
17517378
15506919
27214605
16217838
25172109
27208796
29924489
19478072
26160761
25559821
15081369
17483233
23806334
17959602
21097543
18187410
24583181
26625934
19727950
29758408
24214947
20618440
30905870
17012287
15279950
32200934
21604124
15828771
20154103
27091080
16045930
22381465
20813957
32353859
18793666
25177484
38548028
25787689
33044464
36374043
15180827
28750812
24334288
16376476
26606682
16059754
21706016
11281718
17802953
27485575
11012670
12509999
26679294
29727651
25624487
19951750
22741536
25476267
18353960
28636172
36355177
24156781
26210590
16967103
30407017
20385227
25447466
37856026
32105727
17000644
23885084
38781128
28393466
21893200
16777052
24155374
11358266
18639656
10870836
20644585
27259926
29567172
20058168
22795554
35224953
18269788
18336004
25931508
28547925
26503433
24059797
22219522
14761946
32948512
16712798
31911558
17855545
20441561
12096138
15993389
25599550
28498958
18052210
14573605
10713105
33746086
21038360
31786226
12003490
33042286
32816187
34052001
23403867
27063778
10990463
21131968
25476450
16429126
16824036
11977593
28054750
19786724
20871989
36177742
17514413
24284321
27620332
26217697
20014058
12428013
17019437
19674100
34591877
11269527
19828448
16047310
38507197
37858526
25405705
17919997
24470144
34739247
15138292
21863449
24688319
16529945
16054658
18093000
24377927
17484117
17301691
20647355
17907572
25817263
32380835
12186876
16127175
15992371
19009262
33777072
20214646
18218781
26606592
27943184
11453636
19000159
26835967
22634079
12573281
22682516
18322460
24841998
19339032
15561142
28364041
35615014
26919524
34096913
12039722
37450155
18065559
15704125
31792770
19277715
27452117
16118413
12630907
35575502
19674964
24423395
16788180
21863437
22389768
17965020
28942847
14661967
35653804
20846493
19453144
23186163
14672703
27381557
38104136
11581660
27784944
20946164
27932584
19903536
24590074
15955926
11821039
20600001
12549924
37611173
20579884
39094346
32254325
12374985
22414063
18036615
16211516
30054526
19156129
36132491
37092974
29136822
24019917
26949727
19503833
29312404
26689589
29577475
11236575
25195050
19604395
23409023
21890374
30038347
17212659
11707406
18440068
22084691
29525124
17890223
11721639
30426405
23863406
20704567
18381279
20487265
26431859
17521751
16472652
15995172
29755490
38814079
11182766
34505432
35251091
26777280
15132911
19236039
15627975
18385213
17055998
19452453
18247557
17156795
23460923
30242713
15811523
34751190
35152389
23754784
18752203
16533391
24009787
18207356
23863106
35103968
30678100
11468274
16488965
15194786
32051488
30018111
28143887
18715017
25286957
15140129
38473953
21855526
28116781
11118296
11303027
21134400
22065224
25740658
21447707
16455047
17203973
12000843
30117533
21669184
17137349
36835328
15263840
34199928
21899308
12914968
12045193
16774922
18156775
21942536
23126378
31258504
12096125
33524153
35107363
15039078
23894656
16212405
17237230
18063031
15593113
16319223
27251291
11751809
22005738
18448421
11852091
25024924
18496875
23864479
34075365
21059953
12230560
34235310
22623228
15276451
19836533
27080060
17022640
14576052
29511054
22268864
22928045
35421092
30511331
25138708
23586699
18155848
27873268
38743364
19376778
22026120
34015095
21951318
18761349
35636729
22659375
27274716
32314787
15455055
30347931
31364049
31100862
11106666
32100530
16097938
38566422
17461799
20354142
21630456
26487969
22771849
32751503
22997577
33367116
28193333
34605646
11744697
33581410
18568347
30380821
26700049
29844531
25561503
12595574
33826169
15927884
11925432
11087679
27880036
33352703
17994709
38253336
20372881
21508093
14724321
16772521
27446820
25260593
16912039
34280085
24561620
22593208
20704377
27185070
19325550
15103706
24167571
19294703
27862059
25813379
27779884
22579642
23131828
20139591
17143726
17087502
23958864
23841574
37236071
21954091
33303630
24441570
34337215
19136429
25332170
29873020
35217638
17006650
11305106
24927178
16942813
31699901
18586231
10651633
23475997
20118377
22238349
39039414
16051190
26830534
28347515
31093314
21299198
16256366
36564444
22920997
37552764
15848144
17484120
12354918
15262228
36563024
27126083
27899481
27476482
25433393
26621847
26060077
17698512
17426018
18085409
16771775
12802065
18614795
18318008
29805866
24143209
27976831
22315232
32087766
16275340
32271392
25146185
31751914
17272265
23504057
28730488
18989935
21796529
11738087
16621069
18507433
27802388
19153702
27018231
31351993
31980708
32706237
37665452
19039805
23459167
12651106
15175013
25582841
17088546
18833199
21460055
38460574
15918769
30375416
26183897
23401153
15495251
22398385
30977149
18821525
12841650
23883582
10642522
21960222
34780180
36446975
35073946
15952730
29966762
25853567
35733023
25777480
25067910
11524015
16285724
17602683
32519545
16847872
12139050
32881511
22800423
23201125
37665454
21596049
21838697
22837305
22752401
15485828
21738781
33504856
24292079
11403303
34149758
19036714
14625857
24979405
32396726
19488716
15728577
19469554
14656522
23296540
26631130
23842468
27377668
24664681
11805283
19996099
17387221
10792048
12388551
27613037
15280362
19317493
38201218
28753640
31645450
15923083
32603537
22444575
15790536
12391157
18073385
32131629
32457219
34955012
19754663
19187940
23593874
10767419
19524544
27372759
15687492
16457589
22659491
31124091
23586857
18463355
25144905
22771797
18179165
17326601
28219031
27338799
32344865
27768742
26217701
22211796
14711515
18655064
17707232
15461447
19383612
23237588
12893180
24162925
31659254
38966977
15722478
12716129
15175327
30864180
26729804
30131122
12960158
26369940
35613471
35343162
17172022
18067919
22492205
15315367
24479325
22645600
10591628
31554721
26096196
30553780
32341084
14762015
16199073
24120531
17675664
33717005
23261504
31527668
24067964
20357977
24168355
19159106
27783981
29698455
20020779
19910472
18039772
25244057
21706015
32284353
24643970
18923192
24448372
20188163
14730212
12628243
30192561
22809624
20131913
10931835
25981474
16407218
19252848
29594396
24825021
35884095
26910488
20159566
17223063
10881048
22796524
18545699
32041778
22352807
25987412
16083870
12794081
25300367
26378887
16008345
12872227
16316981
16949094
38400025
26540271
28409471
17499548
11185957
17374542
26165205
15131081
22615937
35190121
11838682
15699485
17172686
20018251
14576151
19167894
32246898
10871055
19481152
20070127
29282323
19396880
24343450
20040105
15450816
38905100
15629033
27637314
16040812
22387317
17018872
15820774
31535307
33471535
33655350
26758722
21836164
25452129
15253433
20839100
15005622
35788409
19615748
36205456
28493537
24334172
17227458
23727888
28483054
16403413
16212417
22506683
18558118
29408378
31818904
18025206
16545925
19309728
18314153
29843797
19701913
34233930
10733888
18473943
20238125
25065669
17979822
17686504
11016584
19028119
21377527
11606294
15802519
37450839
30061583
19331680
17114178
15946680
17151020
18936248
23832136
31839354
20624952
35616239
38915515
22325351
17215244
34888592
22470061
23139417
21803884
23436371
18047786
28508886
11857762
16849804
11018285
21420930
21818401
10816434
35719267
36508547
27058316
19449534
21536029
26833157
21182205
12197886
23533609
25963923
23106611
24801886
21411538
18850735
25900983
22350902
26818742
37647001
19818717
16099919
16229488
23909873
21080067
15009185
28970579
12013800
22713620
12444451
19730420
34298087
34561969
16460035
21499265
31370852
22160716
24572280
31357319
22562468
30124652
25820724
25840105
32812023
18324781
21931718
10648805
14680935
17478131
12414748
22493032
18183946
12091056
22258561
25262930
22144111
12220192
14745172
35065968
30948508
15188397
15650352
19391177
36100125
24829381
25678017
21324910
21472591
11999731
31649498
37329629
30655288
21359316
12837596
36089195
30361391
17408969
35274008
10706739
26156207
27924562
29113739
21791290
21817065
31145866
34964690
24664103
16888366
22646215
27089306
33045431
29185492
29979496
18087068
27936405
11723136
21306737
25727331
33687713
12411747
38228231
22067460
25751157
14766304
20018591
28450392
25582440
22193303
20005595
17327849
14532281
21948409
19703590
21837573
24395194
26382721
24615173
21712416
19714877
26849772
19074194
38631224
22533508
26096502
31621004
22537821
31877933
16200506
31849266
15243141
22806637
22500549
21575196
15312768
14687974
28374590
22903721
29061110
27613034
21857030
16294310
11523997
10965846
16060664
18753284
35964323
24960276
18412383
17339632
12732635
20151445
19454010
23178491
21245151
22485554
35207587
22837395
37129415
25123642
22081111
31251926
28801948
22506077
15544602
27493124
19060956
12740360
12938928
35576189
27075457
16470654
17044780
31190445
17666402
18426920
23755055
27641515
11152401
16904257
17368570
21893097
25304356
37175590
14519125
10620500
22065222
17510050
31673007
22836129
19795390
23626693
25059617
24259486
24686059
18716312
15687387
15768030
31015230
30263913
15912510
25147920
27829024
22696119
21529291
18421371
24312350
10632874
36213104
12601813
10931206
17545998
18801050
33060572
10625395
11306109
28609623
14734561
19579232
25690035
27693249
16973584
21370039
23580611
24036449
21513520
34617268
36572329
12729931
23559217
19726242
31232005
17612982
31809648
32123252
36040030
31658054
11370839
25118235
31676069
20304006
38990856
35184172
30212933
12577067
16152657
23553632
29502397
21565620
31693267
19858211
16086260
17994769
38642864
23079622
27193716
19621381
34315873
20495375
22532828
39011584
34639127
15117943
25485873
11689002
16978538
30778686
18172692
16739984
36701236
15117936
19296714
19740107
30677553
20684312
33493676
32337544
28713027
20368287
31707662
17696499
26407638
21739434
21195613
27542401
14714534
24833338
18850631
23592333
29897967
24563533
30242723
15087454
32776921
31508380
10757791
15001580
24307498
25665505
24462799
17308054
31409387
21672602
20337498
22760420
30150752
21740525
19968326
12169589
16335973
23200954
28351836
28706661
26791391
24872509
18006492
25429717
25808324
33977471
17669278
23399548
15324660
29414095
21080425
24161698
24530628
20397183
12538584
20735986
18822295
25938538
30828972
23841690
18801737
12684064
26650813
24244547
38469305
17181147
11435442
15802218
16174585
16959763
19744141
37450138
29310791
15285902
38200699
15610846
19734346
30813232
18619411
26870752
15845385
29306635
34515164
11311234
33325122
11546783
24569813
30566688
34479097
21353556
23107753
33246118
28426733
19826488
37016511
12077342
11805826
11592953
29401644
16782796
30345709
19228054
22990118
34072847
19666115
34157477
20687582
31208796
28655769
20208173
31668058
12450388
22365885
11301591
20044836
16250048
17723369
16354655
16407840
19082872
17485304
28520402
28730484
16807317
31409157
26416888
22233518
17922517
11142365
37224729
16129582
24137105
23946262
19763422
18683017
37242257
10923788
23672191
17459882
22238638
23088713
17587521
20486118
15569627
26819409
24722731
19537828
25833851
32786861
26733069
28753224
28709863
17487921
25067837
20058172
27234506
16631231
30713523
26452057
17172702
23804766
29588169
33539685
38808588
36715304
31562246
22128731
12958659
37569364
26545401
29961565
38479932
26460028
21832256
32182160
25411697
21930439
22381463
19750007
18369885
29205117
33140506
33578084
19411856
12005419
21471202
15449307
22096579
24599037
16911468
33450076
20808522
22832880
24929243
19700375
28812241
18369893
18058071
20194469
36012609
25434491
15177296
28465586
19633269
22865920
28846114
31768985
24586658
20360033
36351177
12460771
26330467
19911132
17470792
34223836
17610306
19011682
21504894
37888457
38903116
21968246
26299686
20052282
30850613
36435334
19799851
11522682
15171722
33133425
12679381
14597175
17511474
16215273
28861778
15743810
27955744
20558741
21158868
33340957
33309620
31094526
21957284
20093189
16136328
29909397
19159829
16945917
12535614
21925606
31617188
37569688
20629170
18221003
30664249
18723578
24277934
30987822
23538432
30882893
16674110
20797608
16322561
21252943
20672848
23469310
15998662
19228048
30277306
22118282
36120566
30981892
34530332
15951573
26415800
19145225
16201414
29291913
25837508
15742503
19504478
25879373
37479205
11535052
23079477
26051934
31936331
15184084
16944126
23321469
22928743
15342639
21933133
18685494
28912526
37897004
24928877
24109220
18296528
16384579
24489871
26841191
20018655
26404184
27274088
29416926
31375727
27028819
15094838
15099763
24288268
23223617
25345863
11444859
11051243
23973073
17396593
36551379
12885413
16374505
29256161
30987719
30610709
16213055
28448741
21856004
23296525
31794835
20002211
17580949
20348249
34959309
24946921
32610259
17330942
16690953
27743357
31381354
15269248
21751378
11063750
16260596
22013162
26787877
34756265
28534518
27496565
10993933
31269971
30650354
32717915
25410410
26163514
32221919
19116695
38097184
28152598
20653933
17621557
24988983
24798811
23804213
22608739
38237172
38157008
26448459
16531006
23941594
37071664
31427368
20580724
27430277
12706527
21710567
22082028
25428880
12180905
10625604
37047232
29045836
11665595
12840522
23115610
24096195
22264826
32338263
31329927
27853871
24943322
26047021
26685698
16757357
19553333
37859952
21340539
35604151
18519568
21798523
17101442
29262861
16254927
20089662
17546005
23125841
15016812
16600536
23549787
17615255
11571623
18542871
16212428
18785766
32245233
36807525
22220760
26087402
19651622
25514204
17194720
28007963
18165688
29446914
17137345
26515281
25044920
25020147
24303806
10801819
17507370
26438428
27096001
31795916
35585818
26972028
30165116
22116683
19580983
34384442
24648079
22727812
17406607
24631332
29733317
29741879
37894929
26036253
24174618
17482712
22350885
27297130
14530088
16199660
28970104
28761057
11106415
12097158
26159767
26259197
34154629
27528616
21705661
15135396
16338359
18265299
16335981
29024117
22183646
30484398
21381198
23002218
15907384
26616161
15253424
36152284
12765982
29684682
24713852
10829030
38393061
26049116
37536630
19729036
21900503
12096120
16125971
17480206
30574697
37211047
21896199
21334305
15932882
27049334
29331742
23836469
10873636
11756468
18826054
25541385
34209806
18390647
23369602
23801788
17285561
15714471
22536357
37495186
12732187
17716801
32499811
32386302
22342946
30898377
18383005
27730552
16466809
23897809
23692254
25086031
31204471
23436379
26173998
14985359
22335271
27478485
30979842
27986634
34628185
23713411
24789777
32027465
23572552
28199111
22942247
23749335
35090650
22561424
27863399
16512683
33841426
21888424
26515650
32798370
20589759
21460054
34572914
14622269
26911324
34923540
27924120
20607522
36919339
26394093
17602227
20462449
11403491
31405957
17575324
20726833
29318361
23983178
31398040
25748451
36420152
19947650
27746211
16987717
15358351
26280018
16540075
16453257
26611495
19927312
25190515
15123291
20640425
22496621
12112859
28343106
28894154
24865465
30237200
38555840
12729720
34752292
16428443
17344053
30559276
20696126
34920105
18455432
37041591
17249709
16675313
28192900
31476572
21692528
17284602
22831920
15047060
20066036
29027931
21385563
20356804
29668859
24722732
22976191
18369864
25840811
17714720
14983240
10779512
11500384
20797316
28032235
16565715
21750235
24223625
32388684
28629377
26357231
28439830
12220184
10648569
16229926
12427095
22351777
34766907
11922606
17101446
23823179
37961624
25448825
35595168
12618435
12864975
33169002
30456273
15263841
16861003
20057048
33989770
20065524
26773170
31974821
15984043
37834061
18978048
11162395
12188173
15123283
17956857
35357253
28490692
24003121
23754222
18381589
38184997
32791164
18848712
21173974
15163864
26005782
31152396
15048993
34659210
10835419
11258918
16916555
19964417
20549650
19539764
31457028
16512681
17472360
36377691
36178190
18566480
21645732
24363307
19507043
28695509
10844003
20687614
17360195
12883043
24777071
18082604
24565259
10854423
34227361
16271873
28456688
27664437
15706614
16759640
16953591
17395713
10874038
16095917
17112229
10903510
16945919
15053638
16206331
20676907
21751375
22807361
27273451
23478441
36197995
11005817
23180766
21551321
22213549
34639003
18208665
18987854
19013454
12802011
19075825
18263723
26994964
32505286
22138554
32221921
29743530
16674099
22173811
38952028
12097166
23466205
29523178
16982065
21750912
27119218
17005904
10618377
34578187
38507741
28437167
19039781
17994626
23785201
30456423
33965426
23902751
38885440
14573526
20971868
26613796
22665315
31234041
26149690
38072298
16152658
26202512
32783964
26548766
11518714
22083510
11773074
33786786
18032488
17406540
19131589
23633385
32478742
31144377
33226818
23444301
30171073
34669399
22238427
38069277
25214227
21810533
15152086
24892844
21574958
14997482
38692044
12134166
24568200
17038124
28954927
17072688
24096156
17077963
23443134
27273999
25765699
28445763
17139257
27474115
23605200
24783808
15935326
21264232
25895945
26635353
31030499
29662892
27507633
17177250
21098287
14633972
16249173
31378529
24167599
30712592
21740036
27186489
22367203
10801888
30627134
12784607
24713423
18708593
21137088
28250214
21365755
36779422
18776994
14617822
16854844
18729074
14582648
29864507
14988405
27568282
26714524
11124041
33296138
21694673
15572359
22375702
23977167
36370275
24014241
30262458
29078359
23308148
25281560
12970430
26041281
19965468
33363672
36115639
32438484
22032989
26785729
34144398
29322650
26282582
25487205
10731678
25044020
30465205
18024144
26093260
15270720
20110451
17093407
29442174
27003905
19476346
16396503
12413497
26539172
37195130
25624497
16470631
37367437
17662834
38255858
23170835
23770557
27211056
18310025
18308325
28582408
11964171
27170143
31551124
17148452
17114269
22740482
17541948
27914069
19306258
15201864
28323416
35048698
14723601
27067053
30773012
11714035
12359076
12269824
38876300
11327886
22997150
21561871
25802851
19164585
17134756
28416666
25501334
18789472
31452137
38130037
35109731
16702403
33158300
21909430
11405231
28259758
18215132
29599190
15489163
18988026
16914451
20109557
11171121
11500952
19685898
34466101
20410377
28575669
12654312
17470786
12356468
38271588
11488921
18296724
25050461
25850436
19659607
27072115
19008377
24401270
34270960
32179648
16275329
29499066
28349467
25811320
24005236
15922624
36183975
36544689
12236342
17910941
23082986
32119870
30181344
26702589
16413298
23726082
21300897
38752495
15852352
33655619
15604670
25682332
19555650
29576976
26399466
18065690
27596989
28072389
27093486
36399275
27506200
16418269
17428079
17071616
36568885
34012450
17623646
25286160
19393584
24556279
18041034
15703388
16050811
27152953
17179482
18304937
24914774
17292857
21894551
25935261
18401461
15382264
28439867
30030376
32867494
24048737
35037653
26999207
29864125
23002268
12919815
27343584
24751715
16004966
16717086
31932604
33322801
11874462
19694801
12805368
10639590
26828018
24498361
21876202
22227329
22083815
14506283
30002203
24389406
17239349
20346108
22172677
28677644
22123865
28602982
27472459
19343720
30457570
19845377
30401782
31499166
30182230
27037360
24791995
18036614
27354006
27142331
10873450
32144982
37690692
20171064
11696006
17463175
35630584
22669911
20663914
28468949
17606628
19447336
22398650
25108200
33621564
14769025
25852227
28065317
16145712
17804550
21835917
21092733
11432842
20549653
15358237
29476513
28154133
15910747
21825077
17321740
25490428
25554490
11306034
16788046
20534811
23816991
32088594
15521822
18307322
22199228
29446774
37833721
16116037
23758413
26068074
23625399
14564010
25695250
27586231
20570964
33420984
35694237
18084297
32918725
16214432
18162579
26838458
27514811
25487885
38944040
34953978
16170054
27659060
25177544
11737826
23106643
23545644
14697231
32399867
23675518
17296313
22189105
31137166
15450814
31709228
15086793
32727735
30583044
15188412
16752371
22566125
15456308
21967672
30733383
27764768
16548056
22393263
22903716
24090752
28217095
16854646
20387871
16944918
17634288
23093724
12362232
15994137
28600217
24385388
15914543
17185742
19605358
20564261
22561422
28340702
20804212
15158489
18474568
15872117
22039235
23376233
11217742
12603326
30015835
25757543
16441352
30666599
11842433
23391890
21741385
21490929
34284061
18501944
32843435
19036835
28577300
11479907
35475666
38532014
33317771
15169777
33773481
16737827
25261697
19205622
14871539
28564596
26140918
24316520
15375747
10692374
16225426
23143245
22185599
23085607
30979931
18281416
11084023
27956708
21096109
20945942
21658443
26300481
11001931
11716512
17534428
15979067
15123830
37023994
17108031
16087150
25098564
20394503
25431135
14506205
28724286
29729432
24723360
23409185
36923216
31941882
26472928
15106881
15588834
20935477
29183995
28707666
15618003
20968308
16860393
29796630
21055883
28586477
27286495
22942358
29945787
19372185
22238696
23296522
20564263
23370718
20099890
36179215
28674882
16297848
18203260
23626686
28821545
19494828
31029761
10714997
27440922
25002271
25418885
17505539
34100589
32752045
27875273
18236437
35355206
17435282
29588455
11680868
11090287
30875866
17663574
28156048
19829701
25854999
27515067
30144945
19698785
12899533
16314458
26613762
21748405
12093732
20936705
16848391
14985353
38464023
15483387
16452246
15186743
36280357
17207544
20090853
36834906
26739050
21777084
30826646
32183964
26290217
15802222
11278628
11521885
36174443
11168407
33454008
22515269
35011393
35544705
17330947
16601098
19840948
16211512
15913651
11289116
16987576
18369606
30706993
18056709
26319394
27438721
38199044
38838925
22801366
36689046
15822905
29128091
37368948
20622492
18237440
22454539
15531877
15862300
27525972
20940260
27330413
26884193
39039411
21278005
17507238
21035548
19159265
16971380
24217175
24824343
27581032
25736772
26584925
15936032
19475384
14970552
24464460
17182730
30660775
27444932
31591574
17825235
21285413
30413608
24267889
15842201
23354917
14972794
22106047
36739428
19027887
28165023
35333675
10623543
32160078
25030930
24424263
39129835
34771010
17585299
25462802
15704244
17081065
21678048
34789007
18662810
16052620
11931651
32859921
19162253
24062141
19241371
17908800
24943321
28718923
19648366
34009939
20552007
11796753
12125050
20869947
37324936
15883185
38399682
19646947
30758762
18388126
15529160
22406350
14625860
11710809
23549413
19367725
15313221
15336567
15166312
18422345
16751408
27794614
24335807
27503603
30946408
27406087
28770934
24549004
33130354
35176871
25001311
34803710
20922551
17456562
12079338
24658276
20855725
17939686
16914444
25498946
34200203
27423073
29404413
19725075
31077490
29752913
16867976
15766881
34721406
33009960
22001952
31818906
24735870
28935539
21960768
19243310
25954137
24354301
17913628
17097304
19299420
19699175
21472855
30225301
28735865
18549256
15003844
17907271
36576401
30514721
19319968
19061901
14672560
23032931
25073115
25010285
33635047
23625397
19740670
15325255
24788171
24094071
30509472
18429263
22065225
15901738
30228194
24198434
33654709
16278372
27951644
15664659
24067654
25894481
21809113
24958773
15908428
24516142
28349302
18629296
37999974
21989239
26152824
15962000
20049866
14709679
18642943
22884528
34533959
11412128
22332119
36781799
16340016
15294286
17659996
36347074
30136367
37219720
21246116
20840590
22027370
19168640
22318369
17224606
35163832
24943319
14578377
12842101
11006147
34427427
25044858
23785489
31383312
18795805
36884105
12624100
20361932
27896769
31283755
19402746
31994999
12388542
29943541
25384741
15722047
37998923
20980672
23891776
31374364
19467628
16024659
12512091
23847025
24288278
26645431
22535422
20978974
15475358
12173941
20225144
24358118
29228324
37712955
15581363
11395486
11278563
19554331
32341059
20671423
28254371
11237698
17451525
21460056
24279822
16785647
12504284
16479536
38008756
31504767
19770167
30858176
16373496
10764144
12077351
11574544
19892700
20377236
25589637
12226669
26778144
20483258
19899799
36931259
19690462
16252304
33522225
17343928
30690398
15839303
15109268
15464721
24419620
26483415
16796675
34905172
38364933
25286080
25766576
27501074
28641564
17406563
17954241
17100645
26721910
20146487
23153198
21632758
18407682
20305087
11959866
10985779
23212908
31803444
15680792
20385841
21876731
28157321
37195994
25263235
22648693
38165619
12642125
16481623
18632595
21866933
26584920
23323832
17570391
21607871
22463819
19317654
30137659
11352744
19022176
24462835
15629426
22885237
12877747
21395309
38404489
19381461
29103612
23737964
37922363
10751307
23598159
19411290
21118687
23898032
11790119
16285741
10857097
23800682
27005855
15058570
38104258
34158378
16781659
27787844
29334633
27633746
30320962
12821657
28536419
16112459
16854843
21194474
11287424
16008572
26092339
27494197
22183593
17511516
35471239
18756104
24625528
33455273
19346247
25184692
25293756
10801893
27422376
11270868
38745725
26238351
23807304
38336119
20362541
11468358
16917518
32190953
28750804
24047344
20566373
18303947
38740904
25337893
16179992
17643500
29214152
12135556
17400168
38104070
20526895
25587188
19873879
19567268
17870612
18050361
24513533
21673806
18926872
30287853
21963274
37384533
21799902
31155061
22735703
15200949
16977313
28188526
21963989
11910031
17979812
17141798
21141861
17367295
11934284
30062907
11145957
16996555
31466283
23159399
15907858
16474124
19017811
20351111
21413152
15128810
18206350
37526651
23107800
11771421
23504426
25591077
11680851
21672643
26214104
18535787
22840651
29589748
27679782
24335282
11728388
20837551
11858727
29561781
31511384
19242095
21067766
31981669
38922433
15354437
24106048
22427839
30242721
11772029
12359516
15136159
12963351
31147937
34647753
16342968
24218553
22008077
20027616
23712678
23166814
17092579
18446801
23747306
30742995
28369054
11341943
29107696
38464223
30358873
23527152
12720356
26727667
33950491
20409711
23543743
21896617
11689012
20199111
22079863
21604132
26255539
27825805
16328793
25659891
21675952
35965015
11839823
10777571
22039052
20604871
22011079
16428607
24824609
21422241
25561571
20681634
17639529
24090642
17641633
35921891
18578504
12506978
25622820
18957422
23996247
31055923
23462181
16933205
28087055
16823988
27215465
17184920
36536316
24958729
38026226
16316451
17307145
21516424
14629019
25671571
16267818
22209877
24737727
12079780
16061471
25411849
28062799
32099058
17192257
20141142
17599743
19888438
27755972
18294447
32220335
21440633
17643375
34439123
24743420
34329491
34952627
31432411
25359149
19941818
35695660
32722497
20685466
31306490
14674773
24395267
35867905
30659884
16760390
19805395
15263850
31647371
22871131
20811636
31089613
16368691
16078004
25315684
32706743
19633058
34050239
15740616
24113281
30138440
36176981
24551044
35471023
11292344
20486249
30472619
22362668
20188166
24626316
15910282
23042675
26921407
15608332
17023686
33503093
24633354
16410259
16850301
36958626
27500400
30040867
15990870
35377460
19919707
17631686
10880971
31794025
22909348
27650410
17584655
28011908
19243080
31469551
23086976
11561734
32558210
28730489
16215987
16829593
32117266
22122470
16516937
20972266
18425733
24393051
26717407
23760531
12407192
12917472
20648624
27460145
21567357
21117706
18208619
30610692
23416356
34186245
19150434
23071137
34709727
21607870
26217791
28643238
23328085
15356288
15748150
28667616
11300781
39044591
11586908
16443929
24142993
33270200
15215307
35926389
28060343
30719619
28432124
23633599
19523483
19892738
15902272
38823331
15314180
32525871
22952230
38263329
25820723
23581468
28190026
25010493
18215660
27507887
17181784
31242852
26075596
11405888
32196507
25064533
31705576
16735126
17449613
15157082
23864706
19426869
35196362
14602156
15253627
20573563
12832459
28475928
16671753
15159623
29747501
18971429
26662804
16196101
32763974
20839110
33301987
21590419
35838961
29618078
24401863
30267874
19286011
36206851
25739453
30136304
32281473
15890650
17075075
11560919
16151086
25751597
29337983
31250304
30797903
16274249
18496874
17764516
15201196
16275330
16469743
18309268
29274495
15517625
16081294
19553310
19050035
27546451
35020778
10681528
15046983
19053083
30691642
35676368
11284699
16709564
15965050
23161651
12169686
23241603
12215393
27956240
23109873
20298711
27613379
11053416
10942301
27108990
35442950
29084252
23219467
29695737
35141172
22322096
32727874
31698103
21300640
24098121
26865024
30268636
10790164
34235488
22348942
24024827
15096632
29855967
12381723
35754732
39044828
20590411
26904711
17321148
36157541
24534072
10625636
21109274
21247895
26966684
11079563
26538092
20032457
16083281
12202242
12620624
17532517
31612889
29242379
18673577
32305418
15112927
26973166
11683502
15635461
20081228
27880917
19288221
16672236
12709070
30739529
23644164
15212734
28648085
27109350
12124936
22286231
26582203
16503656
18034435
15850802
12151238
22110140
20000779
17539039
23398389
28394336
11139388
16518870
12468548
18629175
20598700
18491320
23393136
21675945
22438033
31616248
14644043
22903715
28595723
10664466
16271893
34099169
25059602
21800835
23513215
10636846
30150318
17200106
17097160
25896007
29531269
20658684
21513823
39011605
17165531
27766363
30712820
23428400
22539435
22777782
20513352
14668439
29395912
22748080
31787956
30395435
16231906
38777088
21137058
20196619
38604020
27631801
17449226
25210190
25785348
35306568
21109982
23065232
29507620
23588417
15596439
35128479
18421374
22894781
24637749
27832529
10881991
18394641
15312305
20065646
28379505
15609351
32549867
35848333
16922269
18303022
16941569
30247883
15572691
17110127
34592750
21280672
26090583
37563857
32030527
17548833
11327314
27801570
36240559
10873542
37450137
10811655
12679340
29226558
22393262
19121352
21948414
12435804
24354742
19638533
25859962
23219026
18287775
25821032
10995223
22354994
20192920
25962740
31042298
17919748
12954983
29429744
18355059
19648116
24313913
26320228
22306656
30216667
15717326
38800652
38319909
36933872
19545112
16127724
31436532
12438562
16524901
26231073
31824527
27200083
17586561
29509190
11208058
24086464
30871161
31338436
17587231
26759378
35937934
30209172
37930536
27631805
11567892
22545130
37556730
30251653
20357908
38838562
17763504
17269746
19888797
32613480
21247093
12515545
36582300
11196700
15248852
15215673
17605818
21993643
30431130
37971880
20175983
20383024
27853253
11316804
18022939
30451223
20136097
11387228
30516433
24978697
11926987
19941821
28330257
32735921
34915152
17766422
17062334
18203753
23826126
23428871
21931631
23562552
37363916
17650073
17554312
28730481
19095620
22594941
34027383
10727896
23991809
17990009
31527615
22751133
15357287
20431533
12453662
19924875
32053790
37646990
15161081
15576338
17258946
16449382
19351188
15342782
22863883
18307411
24078118
30328540
20139002
15317783
17721511
12897160
21368190
24950252
15999205
16953428
12933804
38850255
28762518
33419032
17390297
25195673
24664807
26551210
16872538
15686472
16919642
21084623
37324694
34031651
19234130
24099803
17484108
18312373
28874695
38542254
19751700
22851498
11564805
24308638
30831097
17330941
12509440
22665308
19755719
21337355
23555800
26207954
26962120
38797030
31772280
18812475
27837480
22038862
26552673
20926826
24927418
16899541
22948729
32868373
17008370
19635568
32710413
24533825
30703481
35779632
22081327
25419715
22665303
30550790
16263699
16565393
39045341
26912668
29774024
16419016
33968009
28561026
22465714
29508533
11320138
32163400
22528498
19119138
15537792
15263855
28595106
21212787
15502818
17185017
19658107
18304426
33581340
12180984
22147731
21637204
10805526
27983778
34247113
19573021
24322766
18269789
21043528
34132035
19156764
24129742
20211252
18369862
19302243
12298090
31685780
19007241
10801794
15253427
36359195
27705803
10651638
25651128
17095230
18709185
16415032
38533537
10840031
24014404
30477445
15247319
30797478
18499697
37055530
16547521
20377246
20568813
16237735
23307819
17627934
19161838
24158500
37463457
32712114
18837466
26223664
12166649
17349627
25167057
17263853
19879159
27286769
28490597
38240126
16854842
15142543
28673317
26456817
29550370
11976063
24948787
16571104
19768218
21933130
16081505
15314146
12012231
23750785
29995110
20443765
21626189
20728429
24401092
34919167
21427232
18370027
22956099
32553055
16317005
22068330
19562823
31858480
28363871
26275591
18381693
27837491
16367744
28766289
34068790
24382491
26615146
14536070
12823808
17439971
36711836
29281090
36126774
20960130
32808224
16193230
36588523
33153009
39026768
36082367
16061792
10806380
31182303
10998354
25394399
26826234
19048102
34014516
22129742
19563116
23413032
16522631
38380575
19731963
31626733
17275824
22983987
17979178
30710027
23416138
35816513
33270202
35770070
11829480
28241399
17879999
24598921
30028870
15538777
18266931
12135561
16600511
19218444
14998161
21060934
31992042
19205689
37059220
30351021
17960581
12018616
25485597
18542891
15858219
29477067
32398758
18652502
17264129
17258940
19189860
23157168
15237995
25656350
20225303
16542425
31922354
21610103
15066178
22206981
19160682
19090421
39074279
15569150
17212781
19287373
25011449
19206172
33780260
11169732
21751346
12172034
27260968
21946088
15766533
33735457
17189251
26661793
12483225
17514490
16291231
22247541
19351501
15196764
11814288
12238768
25578968
28463997
28750864
38853834
24712744
23193270
22593149
20204147
36579832
23997662
29206445
20127469
23965991
11201239
10648788
12690103
21481470
29880388
21137013
18419136
17383018
17291024
21685506
14752275
37985878
26067368
22976843
19782370
25863344
31989173
25544858
17691832
21595565
31493779
16944957
38689532
26112308
27884074
14576328
11549009
19961238
24641686
10822263
27312849
30097859
12127996
26846723
32573231
19891953
25096909
18039683
22585500
19429840
34752336
12164706
22634031
23921808
18762158
17623647
23222005
16860774
11012681
23607784
34181647
29971712
26657474
30761266
20666409
22936678
24928214
26879649
36272986
16931593
11981568
28328315
22487522
28224252
21145106
27730550
23723243
19836452
39058342
35783976
29451391
17022648
32233396
22886248
21069955
14528907
34694799
15778465
10731446
24417557
31765920
21722733
36995092
21619060
20457612
11823437
32887516
12040386
18981222
27659051
26675280
18710936
34374519
24443518
31062022
25756833
20631319
37068335
37450136
25881955
21264907
23508102
26590968
21249447
15201074
15290761
18702456
21397480
24608563
22528486
17707591
19451546
20028975
14623111
10777586
23229554
17303127
23762321
18448115
25073740
20223681
20547770
27730561
30378027
18682392
27932267
14657018
23139387
19722698
38557414
19679657
11788704
11437613
24963162
12379483
27076315
31714676
24675567
22611020
30716422
17266791
31070379
15080555
11356218
35328616
16847064
15582749
28411238
38812685
18816081
22970990
21334449
10869342
25828536
12649499
25690678
18370023
19116168
12441666
11124263
26933247
28823846
11313127
25604820
12885952
15565172
23063735
11683636
18513779
20453031
24590711
27546533
19426666
26872833
16188873
15024025
17351032
15641803
30962354
15171797
31633908
10859238
28390316
35122279
20837480
26158488
33192291
12206835
30275269
25895369
15542604
11752435
38669140
17428802
25863347
23463382
24163000
22426519
34043500
19240037
23643086
32089736
25059614
11279284
23085088
14743216
14550642
31665646
28438609
17043313
18034374
38777308
20150057
18228422
22527282
11856346
25452130
16434395
21068242
27460774
25842319
24766586
14707278
17658545
28372194
29551266
38634532
24668852
15453830
22100826
16674108
19521826
22894612
34019426
15619298
29807140
18568300
26186194
31542861
29669786
37258968
15233802
22199349
27424742
22623373
28478056
25448725
25044019
15573416
31341559
26700054
18351785
24136511
31227708
22164854
27553975
19473974
29879499
26693507
12135475
16844076
28852470
24103574
34594315
12001173
23172892
11115514
11329175
24428921
27132685
29721183
17129401
11106419
23896426
10856705
23559604
10945438
33013814
22474084
21126519
11099501
22442726
17715429
21179498
16052617
15711563
28501193
25339641
19015324
22258207
37004055
21571740
11906196
11933234
29930975
17432891
21095571
11959858
18086565
36931480
21468951
31559750
37968396
22841980
15859596
11353864
35666017
28315248
11728313
15866718
17764415
37110760
25555584
23172365
16526091
16516959
17264153
32931916
11134901
19653696
16285017
19691286
24681096
19072283
17526915
16603722
18776036
17713925
37646154
36773385
16413301
18826257
23681578
15798993
32585851
17600151
24598923
17697981
16755617
26908325
31872692
28001485
30980499
18729497
37858196
10736725
19651623
22903707
11223716
19838174
16963444
20963855
18952512
22543060
16364235
34351390
19596197
12419349
33932137
31842382
18625715
31336147
19637221
18655791
34318747
18614235
19216744
29976144
17893146
32865868
19896939
15720551
35776780
26871441
19285951
32524562
17019937
11976905
22539431
25786541
19150105
19892914
24014403
29177822
26495974
31545893
16443603
17045735
32416597
19100814
11180106
22852557
21936497
24530399
25616068
26492413
16936142
30610240
12167718
19171944
25716734
20154097
28110081
10636886
11988102
24569881
15516571
20965834
24324976
23650088
21224338
10722674
36427144
30242716
17030385
16641266
37880798
18801935
37944726
10835424
17151356
33057814
17488106
12096118
25865307
15376229
18036140
26181280
36989986
26432949
12080331
25561012
20477871
16225425
33020562
30666364
16189514
20038085
15556936
16782229
12221117
29790588
10736563
17623300
11984838
26766115
18691976
32869982
27016113
17660511
29730150
20568812
15577318
15542060
22194924
25447124
20449494
23225139
23736079
12538641
17131818
38328216
25462457
28115215
17222866
10900144
26648287
19186949
36834700
23201157
19638634
20409786
35245843
20383465
38352392
20731387
19153688
15703180
15476396
15952719
19639565
17930306
18715871
21259353
12824481
36033281
24973420
35504413
18327897
26471581
22130998
27058179
39140748
20976533
31304626
24728095
30980321
10775415
31051282
17900103
32707371
16139413
23874617
31514902
35504983
23861944
33963564
23319050
16569913
21211951
15157891
16739989
23583819
12459468
17636264
15301533
15822924
28266535
24259207
32469046
15698953
30080417
24454361
26714709
22122882
22522648
12083765
16739993
25231978
25329104
19700633
18220339
18719405
14726492
23901793
39025024
15475365
16030316
19818408
27048803
31797014
14672694
33230839
12393914
17761670
23070960
25976113
26438063
16099524
15648049
36964420
28248283
36921443
26626736
18193829
20147452
23606334
20833784
24422669
25210934
22079407
33166743
31253978
17021656
19436713
19032795
11916449
27472818
23495751
19559727
16157351
31011788
15958492
22740317
21539948
18491310
12006486
17093081
21320436
12699691
22139017
23438601
25483047
32169492
22024471
22065218
18753134
23240571
37488602
15782948
18563923
16288886
16599904
35216497
20000523
37418591
34343702
12078530
23189961
39047403
34246169
14506206
32578273
19966859
16326926
25208982
21753002
25402016
23751344
20827730
26543102
37097255
26286023
24685480
26611351
16505156
21972237
17071145
17980554
24913861
22084687
11326310
21345391
31451547
37260103
19798669
37939282
28835374
17288538
28330616
16704206
29126343
16452088
22146473
26584924
24637012
36480251
35066229
18226205
22014306
17207876
21932441
33397984
19798671
15249501
27387958
15852347
27398237
17542913
22085437
23729946
15681848
16730080
25142159
18160132
15703445
30194080
26151571
11029034
17955473
28866878
12096127
15637077
25517423
24184715
16702219
29136179
23712964
31283025
21129485
25321649
12370828
19053530
25792741
17307963
27817988
18181226
26830344
34986318
35063084
17978581
27382054
29863498
18672894
23108616
31353912
17030807
31621109
17910473
18083804
18712290
25764651
29382189
11583614
17129783
19501829
16697406
24741100
32364744
38743568
22576085
11278853
12552119
20873769
18222516
15713481
18374185
21720954
35612741
15347752
23806356
30980326
30352804
11231268
21942651
25093938
11162094
26584922
33480167
24934503
28134039
24347637
19544034
35243640
12929181
24356215
12054882
35874475
25527037
36309312
26572838
25816293
19815467
11809897
10839987
15161933
24498095
20862763
24928239
15899850
11724551
15378731
24104455
25132001
24839392
32209477
28092046
16973550
17924664
24626216
33263384
20825197
35150475
20362478
26185205
32019789
26934103
12381836
10792464
10828972
38159696
18154976
27769112
18483063
10840035
11245800
27225172
18457437
17929885
25930695
28778816
22691350
32473323
10835275
22392927
16226712
23235927
33421013
19625448
15751081
16438930
34550675
10748158
29496907
34091051
38479154
16256128
23154041
32505843
11709550
18479936
19560433
19381597
12699701
21958716
21544065
24857742
18220336
23268931
19825613
14592926
29109172
16052618
27134171
23464991
35090893
20846911
26823015
21902196
16895580
26610618
29521506
25469473
36760021
11278524
21825151
17137661
23511729
19153692
15389486
24136556
19847633
35567427
18984582
32813721
31246970
35023002
24987932
19941307
20432484
28389154
16895920
26895062
24995708
29655787
29551271
17620610
32119084
26602124
15095410
11675392
21986031
36730629
27141528
12562799
25930699
26378228
25782749
34932266
11257542
28716424
14993313
25409679
28674896
15090078
15789345
19182782
23077739
15595731
12410829
21771346
37826936
18082615
33893713
19267469
38821295
23814063
17309104
24636567
18432989
17434749
26024675
31465544
17166835
22806584
37329851
23750026
11294641
21960221
37709279
24327789
36225252
22546936
30696836
18036563
23586733
38154690
33839466
16512668
34985906
37891917
19662157
35226167
19748522
14680969
30951888
31250306
25170076
36754933
22942356
34758356
22528082
39008248
12509500
24607695
16450587
16785855
11172707
33602511
33758849
16105844
18635566
35771886
38522693
33617264
10785395
18424185
27592854
34722825
22010164
25630976
25995375
18547168
12748942
23658827
25262027
20179345
36781784
15897881
35461874
19261245
24791997
33408236
32087110
16767790
32453716
15292183
33636276
21896292
17591786
15565681
24415460
24237849
23553833
24943324
28499579
11041864
17503094
15174057
21616089
11931758
20005846
19223443
39122005
11027139
14960569
23135715
24157460
26160559
29735888
29794018
37108884
21762510
32138514
32946676
25547008
28092045
25859961
18757749
25871347
16893191
29142051
16998076
21216954
21521716
15522881
22261722
23545499
16944947
26160471
34473931
22469663
23451133
15466885
14499615
32379252
34197092
32428443
18651673
21878537
17369005
24469041
28755400
27539436
12089001
11121412
31014754
24855065
39149376
19274087
19996109
11694284
17873408
37098922
33272973
15759310
29699916
10671497
23296521
24412199
12705604
15869593
30374120
19269952
25595278
34012520
16428136
17220281
11312799
33923444
33066078
14766546
16823985
17310065
22885668
31109202
25144803
21339331
23286385
36241021
36237573
28950876
16518874
15620689
30548925
22522806
11668463
26359947
11048948
16188874
10835243
14616078
15249051
16674116
15359739
11289445
11001948
24573087
11713271
24312579
21786837
25391492
32898688
19690613
20833807
28917756
31964343
36400448
16808464
36526084
10964561
16964240
28534782
18370107
34773437
16704412
31036162
19125615
15389646
22628551
22411540
12298095
18001757
36853657
28198114
10871039
22810421
33302626
34885975
19131627
35796992
33776647
26521976
23566259
20886841
22408251
10698689
34099674
11679739
15964125
15479031
20634090
28962653
25068617
12215813
35290630
28550165
18924111
32992883
17200566
18621711
34517817
24651488
31560399
32291549
21209461
16299598
12680714
10748113
33185029
12380819
21785166
17561505
34033897
28493685
11212008
31266306
28414172
34351766
26237673
12963786
16270910
18453338
34635251
25059612
18830565
12878200
29779489
27038857
11327819
15152596
12601806
29885849
22065217
23862649
15802226
21371586
19532121
16641100
29264795
24975440
30715598
21558325
14508515
14690591
32510198
30592251
21932442
34728738
11560918
23023127
21357016
12525154
25820731
33654742
21782783
25584861
14642772
16646819
16972937
16965536
15217494
11718689
24338313
38608839
15483384
25762070
21421313
35384245
15292126
16448620
24510648
35969389
18371187
16712924
23300121
16818771
11158571
12297034
17517859
31226805
30965558
36123323
35951293
21146485
21700306
23803583
30819799
30704478
16169105
14964784
18546162
26344197
33369119
22948730
17938168
17188699
24713849
34352275
18613717
11408588
15952233
19890842
15748848
28369668
16227579
19131329
18775025
27142933
17283213
21402532
11469868
26743206
30367141
38977598
19450687
23670556
24911875
36983903
11961136
18345606
22083816
12716883
15378742
30536871
16272371
36807791
14557599
18429216
34813325
19446733
15131113
22940862
17510365
21184827
22036657
38076935
25783887
31684873
15707941
18553918
10995472
19707265
30931570
19450262
23407638
17360488
23686814
17708590
20690703
34439311
24477641
19181623
19899076
20423457
11201990
32539344
21031433
31798448
11029583
17258469
27704815
17371050
28807908
20047968
25515538
15347672
17380886
23145077
17137346
25869294
15276458
17549790
27613044
24906338
11210536
20811073
26542084
17951713
17287358
26364681
11673471
23790629
21136911
10975257
34236680
17681952
36040252
29449344
19289464
15808850
17040903
16647072
21612289
12416986
18629612
21735092
25417162
16219297
37179372
37024778
22053987
16824486
16800794
14668969
24643968
27079099
25826188
24244333
35833506
25482810
17963278
31825236
26288844
26367117
15822907
32926143
16220531
26069151
24830199
22733688
16551681
23169819
17615369
16475789
31240245
21989839
32991844
30926029
22833128
38018467
25034144
12202256
28656079
21689717
14983066
15274123
16470784
25749952
21150130
28325844
11426705
15966749
31352081
18045535
17014837
19038347
24850871
18068993
18327884
16300964
16619302
28844893
19505085
16824489
19748916
26404137
22876852
34014514
12446663
28365990
16262798
27139907
19494050
17098397
18998722
12439753
22343379
16101009
12051907
28153773
39052218
31540487
22338125
25891274
12175612
17319694
19782138
21459797
11455598
18640983
29072496
12445023
38512414
38851471
18753613
35792615
25576041
18039691
18471988
29922592
33218483
28087714
32795851
27631809
31509711
14597006
30307988
19819359
24590712
30031120
20008533
36370344
19271732
22234170
30106307
34401920
37017602
32628020
26123486
22286688
17235695
22052010
11237320
20363899
36183275
11736656
15258336
38330777
16097032
12876288
12492470
15878395
23027733
33719563
16875792
28092031
38545252
36836536
10764765
18445284
19292454
12135814
30796450
30235972
34887447
19862764
29605924
19405035
18445472
15317410
20936781
17166910
22698787
38886581
27294500
18567502
17828805
16500930
29310265
23643273
19520850
19688738
36370268
32117098
19235137
22074104
21447706
26823978
29614857
21067711
31387789
33627513
18823896
25168178
19003870
23196971
18567880
24259420
24447917
32334140
22619369
12724321
35065075
17118749
33290261
10819767
32691086
24801634
32432964
33836240
14580889
11747210
36768745
10772825
20729859
15562000
11393513
21488636
26739056
35622893
18003658
24520089
11829630
17905831
20432098
10910726
16928192
11983079
11730836
24962584
20444656
36376753
22438062
21513341
28346098
17316735
28851998
16097034
20662008
32951420
31529085
11884586
22067099
22074159
22191549
31992596
21365658
10840224
25829300
24673251
17148438
11520688
19125694
25784717
29508978
24472548
23700471
18467854
11564558
21676866
20960119
17205978
16472663
18549262
29898783
35449430
30532160
17965191
10973956
21054446
18330499
10713262
31929184
20393185
22065611
29298837
25059610
22233071
31194192
31559758
16293612
11032705
38138918
27614312
34718104
11867522
20681545
23742123
15267239
17723357
21136982
11910030
29271416
24317512
20636269
19707589
34478710
15464958
19198594
21435956
22153975
25797715
24510591
35523365
16102538
27070210
28146308
28628309
38533057
19805454
12668732
11840565
35616533
22733647
17289074
11689709
11325538
28043508
28678185
21110867
16275351
16342239
27720118
30886434
33597212
26386113
15831487
24282677
24496632
11884606
24007659
12477395
21041401
11997136
11829501
32138213
26663254
35331916
17599800
28953965
15134454
24136552
28706253
15144186
28630382
21474793
31294455
37031295
14729708
15006644
19270381
21273506
17675514
18991095
30341083
26755725
28355572
22479495
25559106
33367253
24565074
12179976
21248708
17374787
10716631
17088322
19183793
12426309
38354507
11500547
15702969
17158107
17936290
24531619
18828627
17614830
26506002
37993803
15026003
11996670
12672265
18996486
10820275
20049862
21532586
36930680
33786459
11700971
22446692
15962927
15705581
16169745
24914453
31498634
11677244
20940055
21528539
25820729
31381567
23017496
15042619
28085879
28675162
18560560
20306342
22908312
30772376
31357351
12817480
37450156
36642223
26854614
15109886
35310073
31020488
31833568
26256282
21416500
12938929
25240852
15946857
19505873
38992930
11465669
16620772
34591612
21920448
20148726
19411661
22949735
12824552
16212403
32044463
34134489
34488562
24473139
25011393
17913622
12651005
18296658
18198383
17008050
15001393
17912606
21598383
34946108
26209695
15596542
28841410
27995962
23669032
15802225
17715220
18823312
18510356
24603934
19651638
14970555
20811992
37723562
23028981
36965617
30550789
31987167
33372050
30610732
22828706
26831701
16254931
15781463
18623281
19553454
10620369
23823123
17274599
22888148
19112178
19833097
11210132
10704368
10964987
22028469
30534207
11557526
14516746
18396901
19443441
22133715
24245541
27642862
22967496
34686657
16540359
22910208
30141034
33146709
21441861
19620239
11836254
19607924
30539263
26964561
12139969
26438879
26584923
12020787
29409697
20571534
22669463
14582772
19056467
24841622
23651062
37398265
16275642
29665472
22375831
24637221
34008858
22909274
16704198
15663945
18343407
34590762
18782753
15761952
26873250
23820730
24400740
15317987
11053035
20803084
17997517
27371601
15004283
28593756
12361711
25789554
13680368
10859298
28856643
36206341
32302670
27835998
26285592
21617801
33877621
16263307
18924110
35284605
29054129
39116123
11278895
12243354
35011428
20026606
28552792
16769219
25618352
36748803
22775451
21468704
24874924
35534617
25750129
29394002
18008152
16207085
23329485
17269728
14580888
18825976
20973002
10828948
30092030
16597947
15527986
10788499
17188586
38416724
11306056
11705400
25813043
19010473
35290642
17617475
28317950
14660704
28360826
15899475
12200273
16376939
33064840
15592754
19535472
15184667
11134895
19241043
29030733
37000871
20388209
24508590
11943787
11493686
32790645
15657067
20171259
23056492
16762320
22904091
31542563
25331794
15103076
23656373
18845083
33739808
35929804
24010407
28762517
29062898
32760087
15794642
28859889
18070206
21717112
23313380
17594291
21610075
16866357
18192475
25332400
20498037
24631809
20144245
19304662
22891683
15744834
14729942
10906348
31347836
17198677
16860333
25933434
22547204
14593111
38781120
37006259
34609515
34397320
24791996
23941301
25659414
26521713
15703063
15995207
23505380
22050422
34492114
14959825
34013269
37611686
18093091
17152096
10694515
23402351
11354501
15789343
11425191
14596806
24743984
16354663
23608772
23468968
21045017
37883730
19000314
11812242
25972344
18758712
28250405
15543974
25734908
24681131
20015026
23369087
22668510
26699407
24140279
36120045
31361958
11509555
25059613
23586608
22973453
22173543
29126140
37294631
30259490
23382245
15952742
27234958
22485888
15249590
17623278
27353377
15221226
26302155
25363814
35767907
33603063
25825234
37243184
39097160
36074915
29342075
11410665
20024134
26240280
22927390
15177281
22183654
22522802
18158144
17172288
12611589
17088007
28628608
10865148
20211682
30035354
24205340
17205105
31547960
35716777
14769951
25835365
22422993
12009917
19455133
12842903
21907836
36511577
37090653
11859070
31165027
22686191
37458754
12171929
18460740
16601955
23665001
19343172
28711789
25466056
28224978
27279651
37665644
12860377
25497369
27696881
10625684
18243129
30280895
31780580
22876915
12646224
25631078
26836501
19016381
16088002
33501588
34345836
26933192
27715399
31869197
17827336
30373637
25609649
35268733
35585315
25930697
18930054
10821697
23509626
14578864
26543891
19606149
29985350
23816992
30785097
16521170
15756939
27304189
25822458
27894965
21784648
25393116
15782153
35180840
30139518
23649778
29410083
16880968
19527073
16212415
17974205
20715125
36836934
28479320
28484033
15645166
28725163
38725656
12590923
20681587
15210121
25805720
24336471
38396748
27042686
14734815
30980333
36638134
27809838
29475511
33792041
26552605
11027308
30459229
33043803
18320548
26020063
17310736
14983011
16289468
23660295
34419074
25992769
10972879
16941222
16085645
38637038
14986435
28875213
12399457
17344420
33807411
19232057
26351695
20182557
12408819
23975899
24641689
26204781
18369884
16399764
20848231
14760647
22036784
15939303
25860033
21454501
26306323
30181345
11566874
37120454
23874971
11038357
32886672
14680946
21732172
27440890
11032814
23107815
29502205
36856014
30288867
23934657
23078850
20371090
35905379
11799122
19252860
15242349
24467664
18710826
24628833
23933283
30459231
11098145
12672481
15595826
16860375
34655729
11278260
29249144
29411613
36997065
29082557
34348091
31222486
10913150
19472323
12887366
17875927
24841300
32833344
33714214
26073323
21604690
34270050
37758692
12171939
28730483
22444151
24966913
38890273
24840952
25145995
18289874
11333915
29880742
38802340
31758489
30552872
21464600
12675800
38590172
15528386
11533054
24829347
26580971
27480106
20529855
15069200
34235869
15781861
12758265
12297020
12526710
15118097
19262458
23300477
12058044
16826567
21948422
32074409
37506790
18036332
26085152
26694611
11991638
29915589
20181595
19968859
18791262
20432245
15376558
22513397
31997089
26092695
17439166
23478064
38356658
15186412
28442448
36833389
25593311
25046639
29535347
26531776
14676191
21956872
16377628
34628049
17200562
23470754
19137103
18020947
37165028
14595822
33889661
15359738
12687610
16407240
28730476
17229526
14751272
11687250
17118789
12801517
21028865
17484110
25157487
38015841
21309751
37427378
33108200
10716934
12766231
14749482
23186134
22699869
16549657
10683267
20218715
29599191
21610105
30860844
12783858
23648557
23146631
24019145
24943323
11562262
11507199
25907681
21062080
19125424
24792348
25588737
29175164
20953144
11394869
23765677
25123643
19142958
18410138
19716188
25053170
16845145
17081490
36566904
20858014
20105460
30143336
15643650
18469145
27099342
26742856
28629620
35576804
20473970
27191193
21317326
23766511
21203533
29136899
22128911
22852065
12902273
33202772
28447986
37852252
24261084
37914991
21150319
14613973
28730486
22639363
11466299
26550778
17905596
21569470
15050917
11160944
15106876
23964713
26828594
27113336
22360417
24054672
23533108
15917626
17913620
17582624
30613368
16335970
33301109
21811616
29466712
27811184
16508087
30868259
22935316
36526023
37812809
30967474
21685066
33420996
16445935
18495661
15822929
34505430
22092075
24013128
30855040
17672481
34185510
12030435
36336260
28710009
14500720
20021644
28706183
33618028
15694965
18822340
25047511
16413258
18290606
12513909
24586298
10866826
25416475
25737130
25918166
32553892
21458632
16908192
34622322
19337990
17435084
24510545
22658767
21276092
25445603
35163230
24012789
23836541
21930956
21393252
33783358
14624639
17380535
28351991
39028831
18076893
29530564
17010370
15173198
25521792
26311893
29479005
29670056
20839101
27762274
11680901
33579101
28192138
20516081
18809223
23911899
19932081
11222739
12383858
20360068
27474268
11880620
22699969
24791994
30471702
19688729
11749962
12522211
15248782
25595226
24036079
28820984
32824511
33128753
24140918
37574485
23264627
35575522
24032038
19182791
25068997
33687722
15590768
11214219
30868520
20855544
10990453
30957850
21375333
21799021
34763062
15831458
21137079
15686346
18079675
28049027
24454847
16414991
30601632
19053044
18490959
18249409
30270257
24417609
36799476
17101444
17470426
27261002
18388315
29121065
27863112
23196745
23077306
31762184
25605006
22016385
21761562
32033203
35253427
16779787
20675375
25190809
37575399
22212092
17913598
36519128
21915645
22461318
23275444
24224561
28708446
22390166
27609421
29706072
17429319
16432524
23995635
21116613
16307479
34256568
32943705
18329890
22612246
11687302
22433248
20034391
18178558
22080208
25746758
32832766
19541640
17499717
26497839
18975072
21498772
17805980
24792214
17350174
16916992
25101821
28688084
23663728
28092038
14709555
22212498
20713729
30277784
16442495
11774384
28419935
25781936
15659558
25615964
23970118
18655026
12761208
28470597
30381327
28674877
37392481
19690162
10811929
10657541
19241155
10924519
25504886
33059548
33177156
21853274
20891039
19621382
16306228
31669268
11124697
14764638
26049106
21836163
20573880
11677783
14610161
17172682
38483114
19544026
24175284
30921382
12050112
12096134
17208939
19799961
11530286
30772259
26700142
15808935
35580369
37478968
18617508
21911578
12574127
20631680
28190594
16454515
38271747
20607408
15226314
34742386
26096973
25424446
10944117
38342804
23557701
17012743
18370112
14971903
14965276
15642466
28398745
14693912
37794075
23126476
33858848
18364347
23335982
19061185
12885298
17363239
11179976
38662593
20061648
10751391
11160833
24746821
18671936
19331694
11388908
20926452
12569434
12096133
22531133
24943318
37017721
18065650
25201271
25919452
16038304
22903705
22504626
17223646
23139776
28293843
38750435
11355630
11447233
22505427
32454254
36971548
28508361
15596354
19199706
32035230
25614414
14713300
25550424
32797461
38336175
31170454
11387325
20554866
22074223
30433779
22949810
24836640
27854015
33217339
22961812
16579974
22387316
23104567
37290854
29666374
37075356
11493606
31148070
22794259
35867055
26112843
12006647
20399865
23264041
23601281
19292762
20124719
35351852
12475973
18065761
15353583
21623499
12186869
29853640
21258370
33421010
32959244
22450161
35353507
24136537
21110520
12914410
16100277
22356831
28341915
22667125
32572027
19282656
19244625
22395160
12488317
18281053
29571733
17409143
28378594
14761964
32685723
22732217
27495374
32081014
17272267
29350038
15563613
18396144
29560723
16807684
20504930
15488177
38825040
21945579
38253278
10677362
11238305
33355108
19367707
17404237
16195223
19384157
34813785
11554793
23439010
27584862
21206038
11834832
27854364
38480473
22266297
38043654
12651107
15806293
37270948
31276431
15721943
17583737
25661536
17960593
20685463
20413914
19544030
15574594
21368586
21823664
23143248
11964410
23096997
19675673
15300833
24324139
18052032
21171974
18203261
15339954
33321992
19232515
26152933
33607258
25049418
32306353
16212426
17302559
23436362
26616242
20446920
30739301
14559361
14617818
22561246
23739182
23298168
23494780
18639592
25491120
14680945
19640851
29254231
19875381
11595770
21751409
18343400
22729381
11237696
37459899
23786612
27812874
19349747
25256909
16473605
23768697
38496433
36370283
15159580
16222312
22062630
22075761
28866388
23666779
30296718
25672700
22761183
25130542
19583988
10835274
24405033
11801591
28218978
12469340
38779658
24248355
33813605
38231888
18562544
32730563
16167368
26358842
15464603
19603828
17636870
14692455
17569508
27371349
26083339
19468766
26707805
28625565
29480474
26321423
19301321
11556887
22455517
12767809
24406343
22038404
22691791
14662858
15602769
14744877
33654794
15851850
24030711
11841235
17437631
16470656
17897964
35129352
15766545
17201693
19957947
19010963
17114649
31829516
22484958
18949046
15952741
14739327
21874015
20109435
38454640
21802427
20471948
31222525
24632192
19497306
15542864
24093595
17137339
31860266
20000479
11922769
15084671
11506360
22808186
33846359
12643526
24952179
22307548
18633972
26105293
24162924
24974297
26709825
32947025
12890608
22712409
22404109
18402291
21715320
22182980
29797451
31900314
12794935
15904919
18184736
19536766
28213213
34527957
22366391
26546555
23629948
29261717
24832449
19364833
23351748
23065618
11856310
12879741
19765186
26915221
25752773
28942842
29385647
18615432
29703078
15761956
16530223
22278372
22206666
25707320
24535191
26291024
18289107
16432255
20879797
11100473
25866185
34232536
12297494
28712289
17072909
21905274
23793632
16554755
19670910
23485576
19086100
26867737
31578349
14622139
15690043
19201788
25187537
18381064
30172513
16879883
21215316
33670899
29028065
26217795
27852748
10852724
24804812
19155039
17022650
26933248
38193346
19749761
32312387
15133631
20201521
19827097
27640904
15303970
29720254
11277928
20381623
11283599
25961399
23246975
23211419
26569224
33986749
22013880
28181316
11581377
24354860
28049415
25188365
16764867
16729021
28726418
22517752
16277610
19152642
24484773
25724672
17163439
27147034
38845516
14660572
18430586
15822902
10664451
23305560
14575148
21556749
18182442
22841565
26164657
20336303
15384178
22375075
12421310
21087492
31693908
26512138
16244663
22242921
33515806
35752862
16643908
26757802
17323924
28216490
16670252
31478661
18279314
25469109
23061985
24340102
12076772
23580464
26683650
19538932
28161363
23168686
11198427
22033505
19122194
38743359
20098713
35946312
16697243
16843637
19333424
18615433
24920673
18956886
17269713
24530624
22395237
16904289
23135281
24846764
19137556
37838026
24520823
25311790
32219201
21986992
15359727
28842879
15777347
15188417
30228184
17640691
23954616
29988566
33817627
15890353
32353577
27416764
15744833
38421696
21488982
14572040
15941717
20201562
15707356
22098624
19155328
27765418
15652494
20044923
19830550
34979454
28186257
23264645
30508278
16469315
15473865
26944449
19706427
19630542
19577304
23979598
31973889
16981713
18039850
25023281
39128851
33301732
29175091
20547072
16709869
24648083
10796031
24482123
37646996
24623187
33580091
20659287
23996489
25603406
21539457
11086158
37398272
23668885
15580337
23996321
16118397
13678151
18620529
22841293
26159352
26851086
12182836
35745138
15648052
33085102
21840428
24780590
11443924
23344796
33660383
18433149
23924207
21933134
22228988
30694500
12565897
12045258
26947291
27566653
21717022
30478173
21437181
20308691
27173435
29537311
10657237
19308927
28874412
35481647
36971515
24496640
35460696
20601427
26843850
31495181
31730000
16645986
34272838
18369889
14965766
15741174
10852721
16338353
16448053
10964779
26697050
19317463
18523008
23353576
25652041
11395860
34472763
35047835
34298139
12954786
19023864
20138580
21856278
20340162
12713442
37689310
29215267
16411652
17344300
25644331
17269723
11279180
25900325
14671024
32983824
33526813
15620367
18984578
23172588
12970453
34445416
20866107
21222654
22623107
25358777
17952643
17370254
16823963
26903315
27706223
16635246
19949701
27469085
23996249
29271962
35975741
28811661
30343899
20460156
22977230
14572642
12912935
20720017
34310051
20946866
33257578
38132127
21537670
23712011
12687608
12564680
24926564
17010651
21360678
38056804
23836758
30401453
37087987
30619736
19348890
24366607
29438379
25486920
23541863
18473453
34990820
23226499
10817910
19625484
26175201
34694292
37694793
11513093
35969047
27352036
22663298
17331772
29064675
33298282
28862287
10914035
26596467
18269793
25604459
27143358
15536069
28917044
16926175
17855441
18452279
28493527
29680490
27225174
31859488
23149755
25855029
28607052
35023573
37021550
22688655
15865439
28514442
27909922
15453671
28747506
37627169
33201995
20406808
34625786
25803486
32345711
18088087
18479159
24394958
15644491
18421459
15722045
10750018
17534563
16739597
22685202
23454356
12814271
23682730
15990393
11231890
26892330
20064515
15611133
12084065
18930082
26669909
24943320
22485948
34160215
35499346
19779545
24397334
25782629
16512664
11932463
35585310
29568061
28550302
21315722
18412540
18446240
22297419
27037361
24970197
33263282
29040265
16186109
15677332
18261994
10747033
27546806
17186946
24114839
18504317
29410086
21419812
16981721
30589143
11677784
33201484
11168356
36029401
18336003
32977861
20214629
15361150
33961781
27647348
28710280
14573771
20081062
27405979
25941166
31931447
37635302
33330923
32293251
11079561
29235277
17722886
34643370
15475568
17022100
28733330
30620756
30317477
32524575
15555932
24445406
33092197
14669992
16041481
29883887
25611677
14743396
27486190
24154925
19747524
34624295
25275138
30589857
30395577
21789240
16677309
15659684
15878699
36739885
14551240
16919237
30102973
19046973
33021779
24488121
28098164
22843995
20131867
39049875
16893193
12875650
24733746
20599718
28060263
22072767
23127404
20833140
24747125
12270764
19459691
21323348
27329756
38284296
29505822
21668449
23861867
27094115
32890394
37026813
21940666
38248652
31944673
34298184
26895716
15342590
23140390
19692427
16412577
30384195
19397368
19215933
31710650
18577463
28567649
27400251
20431927
27466253
23720761
11149954
11112786
38861078
29904688
25963835
21082237
12579382
28592803
18306431
16750159
15829256
23928053
18845259
18340629
25955247
18786639
26244810
38478277
37949301
12370173
25330935
19688752
22349330
17293869
11696321
38944426
16413285
26507101
23960722
23326497
18793728
36640924
27730621
26773232
14729598
19157019
29924862
25261484
10924136
17064289
15903269
21619950
37712406
30285449
29276520
28892361
10849443
15379567
37285767
16371587
25275790
16350950
17924658
11022050
15529337
10930738
12872229
20340160
27832179
16226049
31217276
10995227
36914898
21335373
32859985
24604839
37603767
39023267
23017740
25187758
33558705
23195689
31810174
11195966
16505008
20405473
22806971
17035313
25157141
26584926
35188666
16216269
23889817
29540481
37977792
12590573
16944928
28578407
16379027
28248271
18818204
16475229
22792260
34839138
12139003
16196087
12734194
24907324
19429781
16243539
26984182
22753476
32391470
28760958
34681804
20175567
28418008
20421979
21118733
11909857
17060908
32411114
15833278
22910563
22686557
26116386
12724941
17506542
29281013
10839295
34380030
22724552
23436359
20431913
22665307
37720793
22440515
22461620
30863395
28409449
25213238
15303280
38891076
24567403
14761996
27371598
35930920
35938400
22045386
12573248
24180524
12771207
11430750
32298805
28605365
38568213
21630450
26595804
16934821
30710283
20388717
25496503
32508086
15117946
33111116
17965165
10722672
17493829
17083841
20942965
21953532
32134928
18082611
23589300
17630831
21637345
31462557
23935861
15102831
28667615
27698495
21612608
28143982
22369663
11035111
22665313
34168996
38639582
31072472
28972365
14698245
20140656
21911003
30294316
19725078
36361590
19027859
22130669
22529896
22217259
24519628
34752295
20515752
19505940
19129245
17653084
21909921
18591351
18198895
22115061
34681284
22065216
16824770
16823883
11844661
23150796
23292143
23851311
27712009
38548018
18022941
19246377
22159147
17472361
23455922
31983280
19683003
17662230
24281069
33141586
31377653
25185497
21406257
38311109
18664547
15043985
17994629
11438652
33417920
19088748
10619842
18171589
20822097
20935347
34096727
23921387
26181434
11233980
18311904
24648346
19486527
18419130
15887181
16769897
16923801
23436370
34792340
15838870
23702832
26889926
37253661
23741645
22036931
27737777
29610537
28296955
18154727
11015201
34944421
10806249
24098495
29695722
38354538
30009671
11131142
11209758
17898021
18767875
16383319
19431041
17560725
30936148
26144864
33057791
11731094
21469646
21960143
26597132
36151496
38292603
25398586
26885862
17172701
19419242
12490281
22125060
34935912
20073988
25077673
28667618
36379669
22788854
20409569
18266315
33588274
34687134
22641697
19862701
21460053
36500601
16172926
23369623
19054758
21668738
23917254
26407821
17518487
25449830
22460642
23864656
16919592
22028830
12031468
32833213
27371597
24491048
16494977
34191368
16469771
33433784
32778839
34347561
25560077
39071364
29309035
25579846
24908132
32399726
29374759
30726344
28735093
16553892
21942625
19924867
29476234
32077781
28493132
15490124
12963340
21826108
19099503
21245105
14983062
31107465
16641235
12428236
19953538
21139623
10903443
31962203
32275993
22180534
27872081
29627978
21870239
16571125
20191563
19328552
24664479
17513695
30097533
11931649
15557268
23483572
22155429
19152045
25937269
29921663
28691041
27924564
37805265
26572690
22024570
24928504
34329466
19664715
28213209
26482538
11554792
13679637
21848254
34747696
19621931
28525756
30168493
15253646
22287628
24984263
16285669
21370057
28210565
15256541
14570890
21354471
16107699
19503621
16466572
22452640
19819766
24271169
17981806
25134008
22337870
18693314
25443844
21163710
27751915
21359797
33476790
18771946
28472636
22113292
34425888
23247088
21668537
18937257
28942497
11159543
21855530
16155292
16083285
33766124
14534351
30242705
22886815
31193135
26685126
15602768
24501395
15631514
34674601
36699066
34535262
37962582
19648646
18309275
12958658
19724882
19003857
33084070
16799151
25754993
23721653
12536217
16980620
23621261
25842873
28432439
12730240
22083825
26142698
31280994
30426438
11390387
11265460
26416886
18956432
21512245
17646109
34322205
25648897
26988354
38793690
25192788
16239339
20848672
10879461
18429166
10932159
28944418
22028908
20507827
34564136
22674129
29728462
25392228
34735131
36674796
22342699
21097556
15477080
12693950
11600501
20159578
24202178
24045945
25654559
17613728
12023975
31753482
10627589
11766750
11940650
21944579
19201265
20861242
34063765
27264745
37283723
30009856
15803488
28148733
30711344
16396498
21738675
19887368
10995238
20302345
32884055
29626009
19698181
35140242
24446375
36778339
19669640
24252611
23330386
15652821
37212992
25931227
33420046
16145708
27497447
35498680
31311408
20575108
32525608
15611527
14766299
19067587
23585090
30670719
27371596
16476581
24097257
25525205
22520629
19048127
34822821
19609962
30948724
26383637
31355789
27060555
23326506
24660830
31311849
29288679
20472918
28625911
12446671
34343646
19955234
15966839
32985496
14970905
16753258
33649747
20407955
19488709
18986986
29608571
18452341
31190665
18287774
30242719
26119529
32591520
12754305
18165436
20053746
24023895
17305318
24572277
15378723
16003372
22450469
28353240
20146545
18545648
22845868
31766217
21540829
22731840
20705647
22570638
22233445
17203982
18287768
24888630
16350951
12837594
16222723
18051292
12234174
14580998
20467245
27274533
32223496
35247515
25936376
33915386
26223570
22035974
15627963
11469790
24988083
29306031
22768092
18328810
22807614
30005571
17929957
32714340
15331594
18235218
24684139
11041493
20167013
25349719
16602688
29663402
24445922
16321933
20978540
23606263
26584932
20230924
20067319
33616089
20159857
17617645
24098685
29530978
21525028
21943898
11306040
15139852
18630941
19834914
26085163
16081543
22609514
23265493
32457386
37905801
14584927
30637940
36358915
27316830
15595549
30319591
16410463
20351177
26483027
31256381
15554703
25135070
15368365
25457182
25978317
26389898
28292943
21182203
27906451
19204007
21509924
31773304
29251827
25631044
25820741
16638529
29725726
34674177
24019147
29618637
20457600
17303479
16211511
16552782
25724910
22522164
17985212
27386437
24863808
29036368
11029046
22065223
11687631
16619306
28188527
21704728
15009723
35704754
22580459
35788411
15726200
19508220
23606258
36302555
18250455
12947759
11015725
21768395
31964714
16335978
19013832
11069672
21371688
34509645
38342565
23546621
30408168
22633274
27157913
12073033
26496918
26791533
31171813
37717227
16945596
19468074
24942550
16060291
24217948
11205866
19326051
19367685
24510210
16240715
17344221
19820940
23138874
16396499
28545140
35524119
36528767
28662025
19941383
12641241
22347249
12963353
18378794
32482878
22126077
16519690
20439702
22309216
19955080
34144927
35512709
20726593
29777719
15801737
12509993
15808222
18762892
28366668
10736105
35348236
11689552
23266097
12044157
14668013
19121228
17905882
30771950
23341643
26070890
20607590
15187266
25311124
23797660
23937658
20110575
18552124
36698951
24142258
37326800
11680876
31110175
19377996
22978374
19400166
35162991
34627342
16084133
23585894
14638699
11983235
20450229
19750511
16400689
16199572
18549954
17369365
27060547
32453397
27473915
23844019
17093319
23536786
20418907
26897631
32515842
18370030
29571981
30672658
12823967
14653991
24581120
12438565
16192269
30585729
25112866
26700050
16335985
23326373
20798394
20171116
20691816
33141132
12814263
29316124
17369818
31731051
20121119
17332328
19159235
20806779
28174230
29535975
30022435
29924315
21967335
31054406
11554721
15310465
25734798
12963337
37241779
35164288
16335980
19083188
15953696
20728563
23314402
11238861
21189471
35693067
24971888
27154659
35550176
36413308
23356641
29078019
19702077
23354285
15922609
