19722279
15956611
31002071
29554271
19651770
23497207
22367545
18936077
21269496
28202068
28391410
20810649
19933100
20969783
27471359
34830424
28496106
21536904
18640983
21999324
30532259
21152271
23691462
28986446
21823666
28243688
28819289
29539424
35903293
27861609
28223504
26494712
15647113
31501894
35235778
23326640
23509263
26412398
32702045
18493301
32601198
14668487
23235527
21172408
17875210
19440511
18511296
37364049
15764699
24785005
36469488
28287632
21507348
15625111
15289463
19176478
32176686
35658600
21822171
25154876
27503891
17142484
26818515
34572064
19135167
36300632
24758762
35394875
25232683
30125121
34857632
28605388
21307210
34723793
27310814
35141172
28580316
32753614
29894182
36417433
11566986
20462954
22523073
23226506
30042191
26779811
30002431
37067430
11050236
36117048
19918364
37936122
23002115
15270082
31001806
16921385
27711193
23620725
26344057
22544748
12879864
30257938
21159114
32271748
28429146
25723520
36303212
21713032
10759780
26339631
18430891
18826941
19767435
27935838
27834139
33203912
25908850
32471860
32763976
34455776
11259664
17437990
10982402
37503682
15014124
36627690
25146373
17397262
27483141
27620379
23934023
29058666
28071978
18199686
31885824
37146968
30157178
21147782
36972292
30287074
30052754
24847877
26976619
18362179
23469202
15563603
22071089
31506512
31010807
15744570
21490163
15710747
31015194
12514184
11053146
17562316
22140451
30290244
19479075
33879611
18369152
28916805
11742542
33651074
28132832
23012419
26056290
28213472
37488185
24914238
28734653
32155912
30569039
31611247
33850121
34755877
22918944
24393775
34984584
27556292
29085060
23221802
11238896
35576154
35504869
12864922
15596544
21146538
32787872
35926713
21507984
11274106
15155581
16007268
21080425
35691528
26921299
15334669
24143976
20659334
35974998
26666296
32745595
38160757
25222202
18827819
22385962
15572451
19608869
34489398
22684056
28253836
31787846
30677026
33126651
11113181
17169985
31615849
25180711
23307113
11854460
25103529
31699904
32571924
34615715
30569485
33893105
30825190
19362533
23027871
26685665
10793135
33553147
23324328
16384934
26456056
29194461
31249057
35891955
36362117
27824486
22174946
33972418
22997432
17030626
30061376
30131341
21856857
27178982
29368769
31888466
32680863
22296405
25313906
29971074
23178697
22359448
31784359
19376933
24389582
23514884
35982046
20862281
20490347
38097371
26077042
21508217
30801791
24891616
23484022
21976956
32246052
32093269
21829169
33450230
27058235
21079246
32395201
11976270
11904435
19116210
36418809
25092249
28759649
19609442
26162914
37504693
19638476
32084401
20505044
23805258
37034813
18296633
21833328
30073836
24879154
32024921
36078088
21774814
21768091
21051953
21338337
24526702
32218358
23671574
17407381
26339411
35343831
17463022
24706802
29364071
36580713
32610441
11114916
16790842
25959393
32436471
35102276
38633461
37896100
29610341
17276628
21188244
26940354
16467164
15498869
20942971
33744849
18692470
28749943
31671072
11931658
26554818
22261743
23767961
16103193
25793507
29192147
27585971
37119330
24127340
25440114
36552811
29934626
24140885
26556802
34872043
29131844
24196832
15579455
25271322
37698932
11120950
22216296
34605439
23860405
32188938
36263780
26089325
17693509
17389909
22511789
11717465
36657440
18587649
18311927
22975135
31462569
18445277
34290405
19701201
24909902
33730019
22357852
34652985
36852056
37997922
24831012
31811168
11598067
33093612
25701313
32526036
11389695
24444709
11973288
20080618
28167799
24344922
18344522
22787022
29385104
35707849
26491230
18319725
27520106
15381688
17113057
32879811
26406243
20410292
37310613
27999196
28642715
25201106
19412530
25517306
34027641
35064898
22128148
24450587
27503806
28105318
28475311
29031722
18799131
23397631
28231796
38527648
23185322
31033055
21494904
31226277
26275088
22493743
22167800
23062229
26281848
22862290
24119288
25482200
17166288
16411750
22949692
24821720
23989609
25253690
30029004
31927409
20181739
10684247
14645097
32581155
33122777
33435128
21103376
17318181
24302651
31557007
37209097
24438216
15837811
11023818
14729571
23092300
34427530
34686208
18070663
35252218
17717140
19557829
21531897
26655737
31980821
22272300
21949831
35157849
37580131
23029368
27927215
21737428
17159137
35524319
16943420
21183074
23603676
35972295
19836999
28687738
36602364
24904739
23231930
34446088
19052231
15272087
16809771
19265903
25386921
12134032
33849387
20625600
17122346
25730111
16820686
35607830
33346749
36348125
33498624
25521429
33079696
10698999
25933033
21908405
31847700
33677602
10958698
28086019
22558124
23956425
24309484
33159038
30347788
12070130
24106342
33628205
29764934
21194474
14704180
29735649
19832993
31961258
15800064
38689254
25100718
26681915
37296152
22553201
35231030
30264842
22592260
32616520
11274392
31186352
24598913
18258747
35215793
21887227
21124806
25556537
33054050
15155616
32887744
20300570
22534643
26979960
36284386
31437127
16823033
20007278
36279278
33260981
29426894
36458391
21209942
28985469
22140106
30593491
36910965
28418645
19596848
28608830
21622555
24466333
29925347
31953326
24339829
10851002
21821674
17538015
34784346
37347855
22102031
33397726
27252084
27053556
22628078
20099870
31791371
26556311
21136165
29891551
35418745
24778232
34450954
21640361
32165500
26655079
34689164
32286285
11940655
15314185
18974870
27879318
35990633
34853318
17220207
38167338
31186348
34850870
38715057
34884689
22851176
24339986
35328573
17605817
22384232
23687122
29416113
32218528
15668381
20146515
35659274
14511239
26733198
22194845
32441629
15876533
20019182
26518877
28396515
17142477
25113972
22745158
31732725
38248652
16043636
35822782
29934335
25164816
33177187
16244702
15516559
23321066
21715323
15371597
20481628
23402298
35912184
23982517
27090571
22343629
26301997
26912231
35419777
28302071
34360826
27517156
34525951
29212814
33683887
30048944
17626058
29513218
11112664
22945392
32575393
30819798
21385577
37217541
23145131
11850410
32916312
24704088
34058198
28673966
12586877
21612287
33126897
30954544
19170545
21483454
27333379
27265873
34310051
33667107
34607977
35705980
22274653
36147566
33095579
34999055
10995386
36163289
20616042
30808708
14769846
33912157
24635452
25096625
33507149
11950943
23264625
33199367
16006522
31754024
38089803
26024409
11027700
30732572
38454413
37079644
24353316
18184699
31247943
15003254
25029038
16357215
38265456
29016679
20133687
29695432
35867001
29375089
24452298
29377895
22691538
25654763
22408620
34599099
22575652
25772308
26230870
10990461
15466158
15897451
20194963
28225793
24487969
37733740
29126985
28394358
30316867
24595207
17956617
33644060
20832727
25184411
24448211
29402784
29178390
29273778
24014414
21533126
25480789
10749931
35853948
15542835
17660262
15841173
11982594
29645031
16615916
19785652
25824830
23818932
31752924
20163716
19074510
28827540
24130899
27226486
32259549
37835349
30007584
17553929
15851514
21508315
33634101
23981466
34289717
21914724
19571013
26178180
34132705
19139173
18285336
32427887
23978162
11340191
31420518
22488775
18540062
31195981
32787773
12802079
30419808
30094225
21041489
12414683
22325330
33264025
22384255
34653211
19359597
24898092
26683936
19706603
34555349
21858819
31554856
32643707
36435842
18829762
26929218
28904253
28918948
11179392
12727881
21441213
29391412
22951641
37358503
20430857
21483765
38609873
36706191
19703108
18070606
27454435
26171858
29491838
24243016
30451231
37993774
29601579
38544692
25902363
35534503
28428278
23919994
37640745
30027822
11042112
28107458
30215802
34874463
29030733
31192914
21097511
24516163
23436998
22091865
18178731
25462128
28688576
31280266
22939356
18837463
21556136
28464953
37333317
19596240
23116153
25921528
33204009
25901362
26168717
36002503
20671954
19131589
29212441
10859333
28376844
27924678
32444416
25680814
35986423
26734730
28609657
31318632
17657281
35461826
31405981
14528023
30964380
11148219
24739165
24025333
33864001
38448435
37936104
25895136
24806427
38637124
29203393
19898638
30207611
34576194
27764199
16849170
17242202
19888464
24727804
30415950
31013288
29616013
24489835
15786554
23658529
23580643
23421685
36398713
27806710
31434788
31819178
20448035
38504159
28680963
29130642
26583774
22851316
11139397
19487464
17090679
32433960
20976105
18025151
32353747
28694388
26748827
38292603
21771341
35421303
28052235
17869274
18007597
15548737
11694596
26371179
29342507
31117954
30102828
37627296
32936798
16415057
19712044
21904454
32580303
33232874
29263092
34695197
29523821
29033852
30664637
37042786
19503793
28121140
26776731
35513125
17223103
32295924
33636084
24225654
21331036
25556166
20682075
35599981
34974159
28534993
26637929
31423000
28446777
34390349
23675415
17043313
11739776
24215614
26467671
18287094
23632891
31658259
24885170
38342894
32467311
23222134
21734658
22992513
38167104
18780725
31475431
31819435
22913986
18245351
38658642
36766790
24853741
22491470
20855874
32286328
17190600
20656938
21550335
28735899
23786632
27291091
16870701
32811533
33027655
20484626
35366394
38046290
25762467
37185252
35752942
36611062
36724784
21768365
16775008
31552043
33654742
31186534
36239411
36989369
10995450
15477595
23620593
38193679
34142657
22345153
22622361
15505083
35446123
31868341
24136229
20009080
23295456
28630449
30884531
29241556
38468328
25246654
27805000
24558293
28699639
38328182
33995664
15146246
19132105
22192310
29106591
38596672
35950443
33930021
24434522
33052533
33054575
29686234
34330893
29713060
15849324
22775403
19226326
19607692
26642356
11485549
22717585
36444477
35780489
15979680
28662113
38040692
11897665
33675767
17900530
11910031
19620239
29146871
31639388
32905396
32398968
20188637
35444668
34630422
16809295
19764716
29088801
15520228
11850598
23760237
37833920
25511509
15897260
24850871
25385023
22091728
33019562
16705187
17360967
27807072
22378638
19136717
25409014
26911280
18725401
21367373
18077001
21209461
20679435
17522213
36191180
36620886
32915352
24454878
20639694
34427546
24806521
12427990
17664264
23226235
34787052
34846166
29099273
10673505
11238866
22589468
18794532
28143984
35866980
29936999
18550750
15687240
16237011
30446621
35868557
27052788
23418426
28463988
30043444
30102401
19158276
27354091
36193076
19362095
21159657
22044881
22251432
11073897
37095149
32194528
37001993
32951838
25363690
31116636
22396020
23175653
29184140
31073020
25010795
27824130
26436664
36279435
17686993
34333394
28640881
33450483
36603033
20164300
25638820
32737444
26853303
24192350
33532182
29973605
35209123
29499048
23024368
27239447
33053359
25355948
20694661
20224768
16796686
27299603
28754680
37275893
35840655
32777054
17261814
24816651
28035761
32070042
25479235
11432837
30753183
28368420
29479430
24885022
27647886
14657389
22138394
35947648
34723791
22958934
25381252
21115700
33603840
20404203
30188321
25343578
28486006
29164513
21325630
24586508
26030525
31817149
26918603
28000708
34758311
36110547
20140193
10880341
15456889
25912421
20605786
24584089
36421406
20844011
28569159
18456803
32435796
26368011
27903802
28182009
29050278
37894873
38554702
34440636
36369657
29100039
18563915
31847477
18511537
17263873
20424160
33423677
32678075
12598312
20385768
38188667
17573180
27237377
36432051
19285466
24256503
26964089
22173094
31578142
34648715
19384982
22133875
24175284
36060812
29570932
34017815
36785790
38326464
15383666
20615952
23948079
19887371
12370410
20137066
19398576
36584291
29222058
14668361
28911121
23928700
16971440
20053685
11896142
24395194
15659405
19287494
28980867
26961692
23303788
15452180
22558304
33566640
30745240
34134665
15558058
24275648
12070333
20493861
19952111
23497456
24265417
38449295
23825124
19841750
29542011
20699296
20592241
24240681
29971006
29330317
24614038
15867154
24599530
26858738
35101986
26058013
12080119
10601054
26482009
19202112
27121947
22662219
29930102
23334450
23439691
19733182
17147473
21063028
31780330
20541505
31129789
22718763
25763846
21798953
22867711
27980034
28438997
27404450
30885251
33647314
34842284
20606459
20519501
24911525
35766275
34528097
35380991
16195550
21925384
25867189
19249348
33591753
31624287
38632398
28768823
32024770
29565274
36106732
27303039
30540252
25457120
33311468
19457267
35763574
27688041
34768802
25986607
25301941
34048709
18587009
30135223
29567834
15987894
15247388
17875931
23072359
25452324
16508121
32463452
28393844
23198860
21494637
34464509
33008419
19666617
29111974
21795677
22102277
28315989
30734605
24297751
19910469
26811472
30248944
34031216
34531388
35524269
30568445
36398888
33139928
24760501
35140215
32144844
36012368
22519962
16525053
26305333
14612415
22219183
37935663
38534324
12455982
22553349
24113528
30603397
22131026
27394190
36639372
24820076
12010982
35220898
31069268
20150217
24709821
33023227
18495429
27246208
11149954
29467332
20208140
14979935
36169232
17301151
32675111
34484458
17301223
21937599
24681620
21632985
28835358
30250299
38740750
15064394
19528227
37335105
20625402
38365745
21156856
21808059
38466703
30242710
24297910
11007889
26160177
21288877
32049344
33941661
18179882
27986928
33923443
32597957
18599479
21900254
21042904
19884578
20133952
30630509
33947045
33623080
30581150
33116156
19217845
19279105
24466350
25119898
31216471
19061645
27433972
29401631
17331657
18515499
21135073
18042701
29791871
19228419
29661622
31888753
32335509
32657474
26003924
34135003
36550070
34982515
26231202
28414305
28960710
25217505
38052807
36216892
23526885
29145643
22678720
32973514
18082611
31882871
34051148
38341510
12080131
15452342
18993085
23226499
20375020
28701108
30462309
12000737
34850113
19754739
35064120
15556628
18480062
27893708
32041193
24387132
26636486
24069358
11160097
31250594
35199873
22287572
29293692
21049216
20481474
27605379
28793206
35887263
22297995
30093555
36153520
28630113
25787275
26792896
24246134
25262584
22078542
19793744
22135300
21142587
31720974
28165063
23280336
22510985
22650988
16080795
29540687
11823214
30936368
17681273
20516603
24120665
29514703
36430709
22507544
21821893
22412908
23940253
34146582
11707390
28017606
37708384
22956992
31467325
25147180
28594751
37099425
38459498
19211836
29525521
15282541
32392805
19491109
15894626
30237125
29971571
25215579
22124328
16024783
34861242
24218549
17601879
19211884
34135321
11256601
30155091
32364678
22474294
24659785
27329342
23195221
15538388
26678910
28736133
35140205
25776846
11514635
25462354
31293646
21532591
11884613
30944318
30189323
35394881
37083230
26561547
24044754
23511206
35274685
20346351
11786407
38416681
25308843
35697783
11463635
26888284
22437534
34831208
33142949
12006651
34221236
22575843
17936032
24551185
23758845
29036642
35737043
37611226
33919765
31521506
23420633
19580766
19713767
20173098
22157760
29662370
35840974
36156320
19240030
29142072
32380514
11606747
36121123
10704464
28362809
17350576
35955648
23893107
17634508
36232794
15790682
23028500
27838296
24421316
35626667
19836340
24037267
14739239
26554032
37407407
23918378
28505373
30228202
25716552
35491934
35008932
18034886
18768468
34162842
29954847
20719985
22253915
19141161
18682700
19635806
25393898
24735481
29593718
36042512
33320550
16880544
25422464
38393023
30791552
23215008
18234225
22645123
16201971
27533080
25951518
27010942
18697946
31201302
20124698
31387522
17646384
38368450
21402787
27798237
27929454
25386650
24196830
31315839
25693185
35446120
28852164
29358334
29743369
32481611
24516397
30254472
32284321
33401455
30872624
33096784
35136078
33122294
17475768
18716000
31452242
36746748
15466038
24833309
15960845
15781861
21063907
28038464
24198413
29896341
32241504
35293286
25742010
18453697
23027904
19433543
38219817
30442666
19553501
16636284
28459842
29463698
34161267
27936035
18793399
29474579
20974964
24023945
21379326
15355308
22683603
30901340
25832431
23406879
29440398
30272509
26225473
30323066
37056671
10827990
19587294
33495633
35773633
36232441
23029018
35749589
22102889
26041289
21969386
37764117
22809871
35761386
23437210
27499439
27857056
11886899
25686247
27409838
24079939
24091536
19276081
22166544
31239316
31219034
16217737
16882345
33596769
36321657
11470869
19549919
20164275
21485013
33684886
33385163
28692247
32284372
12215542
22085932
31142679
21979817
26537562
29339410
31652343
21143311
25734685
37816718
20017557
27776355
12426371
15870274
18353969
31340047
32317752
25713068
23553485
17342064
31137663
21602290
27768699
22038826
24172150
18922469
21148149
24191003
27273866
24351927
22467867
31492851
36803604
18509052
24100017
25822891
17235287
30563524
23624862
16327493
22027639
19396871
22675472
29460780
25460043
32751422
33053361
28821590
12606712
37171075
21986237
26720603
30384581
22014527
33647940
21650223
36253859
28029547
12417575
35000752
30380080
19602592
37409563
18562690
24722631
15689540
23423476
21245303
23115335
27878450
35459267
19703551
31951202
34579569
34694145
11691914
23893133
25121502
19946466
27152328
16081541
18549881
22335824
28211872
33792534
32728214
11696558
16672216
21048196
30500862
33059769
33494763
29790963
15331019
11522824
30138368
29504244
30707898
35176105
18467495
15980176
22614218
19883655
31149042
26865351
30954552
23509262
35714767
36982707
16648488
21852327
32030412
30873387
17079289
21576261
25809873
37679762
29593733
36653189
36707411
29263307
29576218
12540527
38577372
28815213
20032184
28316078
34916303
28700912
11333229
20199400
30174283
20008554
25880415
19318519
26916217
33604918
22771008
25126725
27966173
27749759
23401004
30119689
34914795
19414485
36721922
20412061
17933218
23277356
21234771
33441821
31565849
38072993
24913978
36693100
28916764
31019200
22113916
26181352
31105652
23239736
21339598
32372865
22474303
27653695
29087330
15514019
19861421
24817247
23353576
32047223
23134727
22951843
35636728
30645971
24001769
12912898
21474793
24564684
28500323
25918204
19282464
30181216
15345534
25005105
36420152
18721826
28241833
25066135
27338450
30766969
33290523
35538574
15995190
19546242
26018158
28123081
25538194
17591919
29367244
17234881
29046343
12119344
36888606
19747479
26922519
26990986
21340030
36471281
14701875
24741093
33879791
23699532
26188084
37421602
22307607
23349840
23990365
31362412
33926964
15314146
18842140
18385332
26639148
21646333
12709018
31815663
16362039
16688211
10666378
32127385
30092825
36192483
11035795
20972325
23390129
24083546
18794211
26637347
31919999
32420371
27009858
26231119
11691849
24155902
25409976
19948793
26391523
32393651
34187892
35862663
11813133
22950068
21899601
33859325
35457156
35690781
16868088
21097618
34924950
21840863
37254190
21169367
35883018
22826459
16822987
26931153
19712094
27631370
18385515
22110031
22839725
25921030
11024157
17881362
28314740
30813902
11299049
23125357
22621928
20864040
23433400
29074598
10944200
25627423
30207088
16569768
24795046
32274611
10606639
30086174
22082875
25442192
26131561
32692954
32887877
35120603
36635430
24509852
24264401
19279289
21379325
33203750
11058101
35372504
33086510
23226438
20421487
15764709
18067888
32149355
35668804
35876901
26017671
36114175
36519886
18992851
20691107
25667218
29361532
36558524
22935704
16428459
25699595
23727094
20502620
27324189
33377107
14993121
24311573
37539980
23391219
28612611
30679631
38589927
22159580
27646276
28185911
16943296
30566530
30850607
20138889
20151671
27558644
30463900
16117725
27533468
30552345
11014807
21454495
25488298
31604943
22848506
31181775
20886582
38321088
18514812
33519480
21156806
26094622
18632762
28760886
15795270
24980950
31174059
38501137
25388546
33007085
32308543
11114201
36669772
21616089
15287975
31534220
33503424
22168384
33892630
16651632
25867597
17441509
35262729
34371857
20130051
18606994
22319448
10712674
18077374
25254556
27357373
33093205
11104669
15901238
30796237
35708773
25296324
15284442
16723715
29212947
26549107
20430889
26536247
25459532
22670057
35852046
18940913
38025760
26734023
24702330
38644412
22806328
22808155
21057107
12065431
26545118
37189344
20808832
21884934
18477612
28231043
26551075
12011108
30383841
36732887
25153194
26297806
18615577
21677782
34234858
18765728
27340017
25377122
25056319
18756270
19299511
22456504
11250160
22768188
28274921
23333919
33581112
35573391
27846243
20479198
17106940
26721385
11904453
34263426
12145215
24311578
31982617
12149570
23799065
27449516
24673376
16407157
33969731
35758251
31961859
32859985
27735940
31552198
33174061
25063874
12514204
29433542
21058643
20080536
28565913
25209663
11535812
23152525
27852747
11562461
32516328
29773789
19007849
25635857
37240452
12888490
35851270
32415243
11809881
27398993
31186036
34370560
19297318
35018467
18207574
28090790
28821673
23526881
17229687
25902064
34099081
19202166
11917117
33145417
37446012
20880402
29048609
23282132
20028838
31389736
23129017
36316339
31300484
24353175
33198631
33149216
33982774
34917617
38036953
31826728
37710047
38135254
23702046
22371502
29062899
15285721
16906151
10713159
21177408
24081143
30375487
18202126
35733256
18045789
20876572
22694307
35059858
35136138
32849989
33536006
24829459
26413470
37531642
19515769
23426366
17913877
32728070
23076144
18768754
17464074
26616290
24043786
18818244
10710418
28409693
24991832
33162984
20054233
18653778
32501157
32609828
18632580
17380129
14517266
21768307
35787555
24707048
12917346
15184651
30850548
22585038
15563614
30741586
25429104
24732096
35462532
17991287
23843628
34273352
26721884
34204178
17209024
34251884
33731005
27899481
21209212
29047257
31015421
32093344
11711436
34135438
35163379
32691011
34009954
38662765
32514184
37961559
29378705
21297004
22863953
16474122
18187506
26428302
37349353
24100040
18216107
17928454
20956335
23982982
10794720
23222135
30672701
30962178
36768169
30397184
23791177
30804369
21521792
19464721
28722657
35985794
32139885
17616531
36944081
33670552
35439054
35387942
36696895
33500715
22171814
38351746
21079805
22007755
28777374
26262582
38253259
31182729
37551942
25171165
27248654
26023836
30728246
17255943
23240086
30670604
15967998
24492306
11894222
26656492
35388187
30984171
33453998
18235504
38139359
26498680
29253225
36421275
28095500
13679518
30677064
37816044
32982406
17468398
12181335
18347060
36430311
32053908
24198375
18622031
20828133
28953888
22579672
32296767
31570000
17328891
34254582
26131370
11470829
22106343
34986150
18716682
15004235
26077765
27582008
27465114
24957647
29550500
19414785
21124459
20197249
28727894
32205149
23696736
25545504
31659203
32645958
35283102
20110419
25546248
25355965
20395292
21358643
19716358
26438693
33946543
34921160
18418374
37303609
22406139
27697836
34799628
32817338
37205474
34458149
27208366
24926564
25997745
35809511
35588272
19666572
29145860
11598232
30021893
32324042
22977240
15655773
26170415
34644584
23223229
28053084
37067297
10688919
37358287
20824104
31700049
19412537
25631078
35921955
11773616
20832754
24662918
32999468
31022189
30179860
32375026
33664361
23314818
19647520
20524628
18474861
21147110
22924041
19190244
30963653
29311076
27493222
32211894
25367392
31366282
22639908
29419281
34770842
31531399
37033809
12441389
24104540
21821792
32090860
32111741
27146690
21238580
18765905
11438668
22593622
24281383
31601814
31829264
31401411
15845768
25378554
18706112
18268013
19324871
19955571
21703400
16511201
21880991
12610121
19749796
34385316
23551936
21339175
38336912
32422990
22955985
35163780
34227370
35105290
21254166
36046628
33968026
15117411
31857346
16354907
28759578
34240701
19131631
17627276
28255076
30346689
30735438
32013930
22031949
22160679
15961999
26269593
21876149
12438571
34831422
34440889
35420446
22002605
23630457
26352473
27791159
31736941
36461702
22548918
35011665
25278019
23738013
26582498
23552556
27681840
20006959
28378262
25587024
23452621
25895662
20105291
18184567
24892747
26953329
25087613
19143472
34712387
34733789
23951315
23940347
34140426
24662291
10781554
17293397
23093358
35622886
32316625
21148306
24692638
19157887
14966297
18263879
19937650
17962407
22851644
26699638
27743347
28366190
35050671
18391419
32282291
14728725
29891985
36348118
22696534
29740022
19201788
19013066
21112306
38154792
31781142
32945578
36712340
28846748
22562472
21340036
27196560
32139788
22723955
24130197
35501375
24886182
14709673
16418533
21606163
25210169
23483900
25232734
27955623
31514326
23189157
33168726
29257226
11826110
23658709
17940287
19633094
15659690
20145250
21081097
25075551
34556628
34785526
20427534
26232106
31668747
16517125
25161186
28455498
17652395
31175183
30723133
32467258
28135329
28689759
24330579
18550814
21037944
18823983
19581577
22859981
27556504
33311513
25187968
31978347
32971526
25214042
24639518
24604095
37147498
37934199
30522452
34732767
27269610
37056721
19535819
22814606
35332731
35442061
33314603
17285309
23564583
31399411
21293052
22916026
12499189
32165681
24347545
15752430
17407569
20956011
29898984
36715448
29391876
23365424
32953890
19784710
24904275
31262827
25955014
16407116
38020496
20976055
24928871
17573431
12819017
28686801
12808085
25738366
31059257
17143275
14627652
10668806
15004531
20833723
24809668
27840652
34502239
23990462
31413124
36232837
18424490
30710675
34204109
34942987
32313226
34355386
37217525
23769803
23030792
24984032
19369352
24792495
26381407
21953450
20972219
28648606
31491420
24127553
28235423
19110036
26842955
19889835
23557332
20307314
17948053
19056887
22696529
12032075
24147786
25013181
26929074
16171378
32545544
15308754
36142532
36181685
17158163
17113120
19662079
20357079
18701462
35833124
35042898
26026602
17307843
21856937
28854634
33037394
29551335
11029451
21460247
38667185
18694502
25589641
19541654
27863450
33743779
33562880
32931483
25855729
24771705
23282026
35524561
31906973
19351109
25654332
15642747
21358050
12369720
32198384
16511045
33842002
20954236
38521783
18948533
18648013
35712571
19843446
29437958
10684310
17496026
38328863
18445652
20016072
17483455
30603456
36209635
31382214
36271145
29298893
21147767
23049729
25713130
32021297
19470646
32520628
33956914
21339296
23444379
22652570
23184526
23798666
26710261
19679164
21543338
31138217
22396666
24287696
22315069
22442665
26020947
28576828
18321968
26227969
19486013
28858297
23427252
24465689
21937443
30087564
23360988
17416684
23110155
36982394
32428502
38474030
21209195
23788140
30290177
24005468
30837270
20361979
29670100
12970453
30311498
29317356
34947971
22658909
23525905
34004147
20605778
34489486
18723675
35830614
21311953
11158571
33627137
32516798
29568380
32052019
28623234
12097575
31958312
22396768
21718348
23451033
33790254
34633870
15500617
19656848
33028835
23469018
19185000
24238405
22443451
32896103
33741524
28670716
12080086
30023793
25938237
16549791
25303118
33116067
22028615
22853907
18826601
21980301
10652276
34371608
22049343
37026504
21813151
18195355
25147423
22069312
33303586
23244239
16159764
19532970
19668226
34117247
21085673
34083757
33433004
27486821
18589439
33484574
21276790
32606293
30523075
24442709
34458407
16880274
21138843
24260394
19374760
27455458
23637395
26208752
12913169
20693329
36322781
37756521
25092294
28428430
37069596
28266569
24742827
31193135
38181234
19325914
25860033
11739746
15613346
28223313
28892042
37871253
22968996
10727444
15598804
34660182
23149935
14657369
24630847
24859530
34508352
38238498
11044124
11535805
30385546
16926057
25009286
21454669
21451571
34502362
35514200
27261063
24492963
26748394
27295432
27245408
15082768
35437280
37270605
24780374
26870961
29765032
11387196
12761398
19109749
28942918
15078942
35377797
21359798
36077414
26487680
31649265
19354260
34338432
12147236
20507985
25605303
33478991
19234154
30464262
19703312
31746398
36963492
21678426
27348748
32618269
35995566
24358021
20838651
25186731
21934476
25034180
15082787
33686240
33033254
28087810
28357388
32221299
23462507
29023450
34718585
27355585
18576636
23498960
23245941
35969644
20886114
25484067
31939812
29163426
29021241
28904368
31084864
19516020
17711569
20684611
18485203
31705020
37766213
27539462
36093518
21423810
27065320
24263106
37477089
19142226
21321202
33427029
18664577
23929438
34287090
30180573
26853741
19617364
25899529
25878114
31006631
28922415
17610893
32537414
15684398
18385673
26621841
34751190
34630477
26485645
26372354
19590579
19543267
24885787
19104048
19822147
12494450
35064213
22717455
22761786
15743796
24950538
24447442
12239323
24362024
30334737
32502184
27856737
33434266
23093724
29076011
32690610
26674091
19631349
20511222
25343306
26717550
30197676
24381179
25813539
25855635
32259717
29621303
19342490
29128334
38044640
19241155
24173024
29453456
19463189
30971321
36032089
18794356
26153137
24086685
22089262
31546610
21148004
23926231
21997190
11438727
22470339
36323657
22393018
34582712
19121316
31198943
28955884
29794019
28591603
36417429
37347740
19805454
32267718
22748183
26438110
26384319
27768892
17538016
35877878
11553706
23517670
17059589
29304198
12660160
29227865
31740581
25985220
29453458
22408259
21123867
34800437
11773418
25208554
19670908
23110042
20885443
26008745
33976205
24753318
18309292
30246033
32878880
20360563
34831275
32817510
35082159
12920307
22683267
11585921
22392858
37353482
20673990
35505413
35663889
36067252
37043509
31361971
38404287
11410693
29484652
30181215
26951436
27427207
27523502
18234668
11927608
20624916
31204557
27001890
37799564
21274006
28389568
18509334
18676978
19440361
19369424
18425118
21466705
33688005
34249924
15608230
33493263
25695743
27834780
35141752
20054296
37754405
20865127
22350745
17009877
25776559
25697359
28931653
29386647
27752130
15821142
23800991
22528496
16051740
35165364
11190031
18922891
15037660
25924821
21821126
23986257
23769667
18648547
24145511
24521567
17259269
27297802
20618705
23222475
26865941
28278207
17938184
25480962
11739566
28803967
36495001
29434313
27777414
32619477
29267892
27771165
23448979
34135900
37408008
26918822
17556510
31787042
34238943
17921204
24970197
36078070
24447818
20848033
30010984
19129454
22267727
33051267
25658809
19794847
16000090
14500838
32967529
25802287
20537145
25586378
27698945
17482317
28928145
34335961
22287205
36690069
25863060
26476847
33602273
36754578
19261880
22408358
16127145
35939764
19007408
20167127
31504401
20454654
32428221
22997553
23580650
26660105
30635574
33976229
33875659
23626686
10921873
24607389
31251171
19779612
30631092
21126091
32265326
14722360
19209230
34453129
23028335
23589328
38324698
22451695
18367717
30080854
21594788
38493204
34011988
35813084
19048100
16638745
37888991
21829558
27616478
31182472
12177043
23613898
33948494
33950683
21957297
18458339
20454568
20130128
38328218
37435808
25476896
37494191
22983581
27121050
23875773
21637801
14668492
31665064
22182837
27922061
36793283
24719330
30282801
28078720
18327269
21194476
37042934
22871574
31444272
23685359
22821559
33294661
37884951
30696399
25650780
27185398
20008451
23426372
16938877
19400954
29955155
18946079
24041904
26760997
19369578
32539804
33895139
23188080
24363606
24390327
28606927
21536752
36636829
23864681
36943863
16526943
22457506
35965785
19436766
24658009
25378581
26837575
31653704
32218501
32999415
36206731
10811827
18658136
18356317
12768026
26605647
23804752
37560005
11742126
20228063
21533217
37450587
28939678
12773552
21033699
15761655
28469148
20011106
19232522
32979284
20388734
17949749
26063435
35525244
26438203
35708663
10637229
21653318
35165386
37431163
18317590
28406973
25763651
25313407
23716590
29509898
32795535
28740345
27279608
32998355
23780897
34520760
24324685
24088859
25897514
24215842
25204844
29669858
30232276
31319849
31925423
26887950
29487209
23264040
23636126
19011090
26969161
19339626
32537835
36627133
31706948
25349783
26914969
17289037
23864656
36532480
21478274
29733411
18842904
22885370
17130457
26893192
11029049
20053679
37558671
28584100
22875853
21252293
23264627
24518284
15604410
21468007
30853402
22080176
24577104
18315846
34045455
29851556
27008177
27023508
19919527
25446390
22162032
26987684
35927323
35940205
22992742
22567115
32302494
25371205
16936264
31640985
22170047
23622724
24019758
35696530
16443680
24260073
25048054
14726954
21913724
28835374
24973212
21045808
33369426
33987395
28607059
17293452
26914863
29030390
27458784
33377099
31270669
33729090
22517748
36546869
11907233
15328533
30721968
37236670
21815659
30792381
30011265
18353982
11158301
21816882
35905737
29863671
33784404
20473970
24267954
28382233
20630878
28465529
31041524
37671023
10823872
31051013
11781370
36873846
19296720
36647607
31287970
24390071
31488329
29903866
23262137
10982338
23064317
38012402
28747503
29899468
11012755
32432570
26143639
26751680
23341463
16446424
25180232
29294068
35258397
25890165
28143780
30820025
18535249
22787279
31170863
37646115
20673745
32807832
12612063
10913177
19136720
22808286
28499345
25415318
31915233
32302712
19397368
34825222
37489746
12437888
23284767
20798054
31761326
35987451
12609871
26199316
38307625
32299299
20543879
27895123
38054641
38007525
19465552
19891786
35311641
36475639
38668740
21123171
22778810
20553606
28151478
26053220
34015125
31097685
22174264
31343743
37874823
19767457
37850793
16914447
16014917
34563636
34830050
14565976
33744293
24124569
23002224
33478555
22140111
24551237
31548401
33467419
19841036
21205887
27662292
34580305
21097556
32041945
34985256
33065988
11854309
19959994
37449412
38147536
18787108
37833411
22800292
27431220
34901357
29516612
23011134
12145207
18312277
36077236
20801899
18032585
20592030
22365972
34096602
25253343
24068891
29370269
15635103
34131132
22511941
24278458
24899723
25943533
29327200
32238906
30134824
18334216
30875392
20380465
27186238
15947782
19449304
24696462
19497847
36085200
19956738
17391644
32332842
18820294
33372143
18496575
31184586
27489281
14604444
22863314
24651676
30023194
29538444
35998009
27526204
32924844
33372336
10973991
35925640
31947795
28182003
17888928
34515029
26673708
20968298
22127869
27016739
33110169
26287607
26056153
20156367
30556041
20823268
26544551
23175377
35029054
35700730
36862634
10811864
18190691
23240060
31932444
21304999
22570444
32346083
36932454
19920140
21799898
24983480
30718434
22535965
32117780
16790493
19835954
21690413
36140700
21514639
22615987
33526068
31880322
21383065
21795689
31171704
15642950
19378187
27841353
18466776
29795346
25569234
20655850
19223857
34724811
22364583
31249372
33504879
35567354
23936868
33370261
18230152
23254330
35191477
23408859
30253068
24891603
27935584
28606065
15385957
22539951
35168697
32817103
34880500
31491880
36085568
34948036
37125642
26627827
27806103
29626214
20056676
21232560
27113844
30782788
32344594
18583343
19414776
23825189
24043770
31363093
32091392
23129766
33668971
35173732
26265702
17848175
15014449
33654750
33540542
21205902
18524855
21353298
27055016
27131289
34180764
35808232
21212261
23028602
22031287
33588834
17114351
19251905
22049022
28740152
28695851
32498514
19286556
36959177
34565470
36747144
30668714
21512034
34060734
25605331
23617808
18632577
27923366
26196128
37914384
15304644
16531233
11884602
37399397
26544875
15447787
28062526
30238844
19262566
12663813
11447274
21490003
33391287
34576206
25398325
28784764
29673347
38665648
35106510
26857745
21326898
18460336
34880111
37292175
37052052
32472129
23509270
24039267
24974296
22113615
16061799
29146947
15265003
21764993
30661928
20333644
19627992
22207763
27956708
21047777
26140374
12668435
34531413
23509288
31636333
35004978
29391561
23658701
34898650
27009365
33963564
22829162
11695987
25226160
35793392
30723163
34874726
17277449
30520043
37083184
17402746
16177379
22210770
28922082
12486104
23226397
33592287
33425778
30337524
33177839
23032104
24040350
18791162
27339980
34099670
30255779
20453833
16210377
29208628
36975203
12511598
35685087
22446825
17951518
25678382
21266501
22377631
11390664
35686905
25091627
16777102
20573181
22791302
23442801
21152411
25879199
31134109
31612854
29045879
33304268
11256943
28112218
34562123
26070200
17761531
22984288
30287550
26063734
34259631
17953485
20694141
25860441
30102724
30796450
35012575
21062741
24523237
23868579
29562196
35859168
31121831
36466176
17518574
23770724
26193883
34787445
24116127
37956981
35594856
21283040
30133494
27341489
33292419
34391782
17993503
37373185
21450819
31210713
28632130
29991557
17322331
22238375
35928168
19553334
22529100
18272501
24072747
19109429
11226222
23376234
23795336
37140542
30301886
34026436
28338624
23818662
32670558
28939823
15617516
22992509
28714008
33375217
22170062
33552887
17028283
22529365
12429842
21347364
31395658
20875136
20513802
31506556
33614530
36256512
15215094
29980216
21494323
26210163
26633695
28941979
16816182
22096602
36851847
20962086
23409159
30047727
28967863
23565798
18703510
12271124
24379396
27385590
26504242
37535571
30497519
21878627
26185205
35477320
24249678
16571810
21555742
23436757
24289287
20651253
11997478
18223157
18029398
28920762
32444642
32954931
34364871
18702701
17997305
27112572
38575811
24049075
33390186
33891857
33722978
33571422
23894655
15148361
17623011
15920149
22493453
28981788
31671162
33928084
20804727
29212025
33773096
35064108
28911019
11080149
18266005
26743335
28618157
24482228
26396531
28960862
17242360
26535009
23696724
35144520
30427871
21262339
32209653
32765266
19531487
18299574
25713384
26840395
36845943
36834906
18499715
17140598
12460462
20203014
33294863
34962936
21828345
25480943
27027307
17244613
21998399
11873759
19114490
19164759
29998892
26910434
36250465
20435823
21072195
15047808
19779714
22399289
24569476
27311715
11967357
33266100
35151631
22412851
34758826
12422018
24830682
16040803
26255844
21685914
34495703
29425101
30028295
38369589
20926393
30108588
12900393
14507720
22189819
23454186
29844578
30700495
18195105
19208617
32536824
36376768
29364282
38562768
17381149
18695040
29176710
31634471
33571521
19289792
26325167
31412019
26457733
27733624
33118270
32630528
20826718
27623147
25484064
11988172
31534518
23357852
21551303
35098923
35077597
24695776
17545233
22170739
25393116
25009783
36662822
12100716
18644863
28457793
35300425
31288376
25313354
26972697
21728360
27760991
22558309
20890284
28607089
30843201
23680998
34272359
20668216
29062139
31870299
20160956
33707212
26978520
20435138
36291695
11826307
27571563
12554642
29144724
32566914
35129074
31923382
34571983
24829352
31164043
34080877
33483369
24055424
31170059
11416138
32817418
25005085
11438642
27387559
27592836
24043792
19800311
22431589
23148219
26512110
28093578
27790836
23016877
24841678
29633573
38213308
23512658
31798414
27257138
29176708
30567738
21187329
35605125
19724125
22880058
16314581
24204604
30814563
28994793
22383977
10938110
26448965
31849712
32001521
20209057
24563687
33268898
25691531
17420466
28195163
17617644
34193644
27974707
28496123
18843112
30422978
26296893
11390659
32407419
11331587
18610969
21639891
30873011
19293385
11985498
19733743
25740315
20668219
21966278
28436435
34004362
31546776
22761904
34707621
38731442
20103591
22961982
26690684
10854230
18584870
12554650
19930445
28415610
10908663
31944176
20463879
23793632
24725410
30189851
24962367
27666967
31968405
27805614
18974169
31167803
29062897
19401598
30768593
16768750
24920672
24580729
30337689
35349659
16954241
36430291
12667213
38292858
16469784
23532584
23297229
37780385
29688417
16641371
32522994
29273062
19744925
33825681
24597654
23222730
24497610
26760964
34152365
34446013
28782527
20028139
19948010
17904116
23212246
22355301
30447993
34440666
32967729
26417422
24312324
16510718
18936164
25187552
21798070
26686638
18235227
22680931
35871289
26891179
20347419
23630290
24990373
12068118
26727924
30498244
28837076
29754817
32967953
17189338
31458962
10618389
24615360
30462256
21173310
21813684
24597762
24833981
19033436
28903430
37741944
23536800
23680599
25632035
26132339
17332501
23349679
36759727
35137685
29940800
27780242
26251463
27623381
31488087
19435796
25269805
22593183
30053017
35982036
20719960
23483977
32098816
20808817
21276224
26619014
18007599
14624313
34568845
34278485
20053987
35385744
16646969
10880459
24482230
34193225
10825199
18070929
34933453
27528657
29730333
14609960
26513004
24081583
25806539
30858438
22949209
25756514
33980953
16928744
26209633
24321454
36286475
26739494
17290221
11955286
15102337
25760398
31924254
23161545
34363324
30016400
24067066
35746635
38067186
32844746
18497260
31474762
17951433
20519744
32128390
28052032
23382078
35319278
30637588
20506222
25860933
36438703
25421513
23284781
21474442
25020226
10859170
24414229
36324073
35781368
18714398
21625594
28817787
37140366
30510136
20926228
27047390
15016874
27754330
23966873
25222147
36744302
31112404
18216185
23236459
23772418
36088344
23776590
38042806
36598500
27878435
27269812
23898178
32660089
32397419
15657432
18362149
27984043
18367616
31931732
29306331
16651634
32106818
17634289
19279141
36973253
11880649
34204574
28607034
35389747
25535897
34954129
35439170
12426354
11571268
18456659
28419595
22516235
19285479
20855880
33450252
38023483
18332040
24854956
31740584
27500488
21567392
31164647
24517112
26525916
25180076
31626631
11689439
14768941
28288000
32811827
21282606
27253149
36427144
24884438
22730128
22187156
10851016
32086861
36620343
31099193
37220152
21249466
22024716
36366450
34163069
38055825
12221115
18388150
19088071
36792691
18507912
20068230
29490245
23138777
24015173
26300911
11344257
15798217
31397327
28859055
12808039
23741312
28385004
23717489
22981737
15141091
34341568
38580756
27698904
19608646
11720482
31083669
15563375
18292117
35180219
32259445
20453832
22644783
21957468
18625727
30132043
25799063
28084396
27508297
34548024
37531316
29224323
24747050
11809876
12111122
15542544
16724105
17671359
25073922
32247816
34111400
31143187
35755944
28784128
34885774
35894142
31887188
35163244
16456538
20702582
29382693
35617319
37990258
29888516
22575034
34547239
30265660
22455597
32344536
37939107
17704174
17020941
22496219
22362774
20947505
36938121
10655483
26103562
22582174
18197981
29874286
18790846
20519508
21574961
16456033
22912593
23274667
33208462
32286294
12356870
38585472
36593651
27731316
22923611
26370501
22842983
24438079
20411046
21478346
23468662
34168980
28552654
38641810
21595939
29706072
26627714
36416559
19207989
19390082
25184227
18573811
19103880
28003515
22937101
35406108
19955262
18725532
32269127
29674455
31837139
27693356
14759257
21343932
34990405
11696247
11602745
26526230
16877710
30381491
38506378
28940407
21653232
12940772
33060680
21200439
21406389
27588366
28128020
24083423
15969750
20067640
33989302
37239879
25070738
33820768
28973398
35491929
31611389
38517358
28839270
18559942
18420821
12072521
11581383
25229454
26673709
36914604
10805750
28681414
30558527
38071305
23171401
34521854
27418190
17399760
23280553
30497381
26468985
29284749
37162187
20637199
23740981
11880652
15155187
21493712
23895117
30897705
28479063
23927188
15990872
19068116
26739451
24129255
24528894
26996832
24022788
22148590
17360526
26763910
31834931
19745167
20551315
29696021
28886159
28655778
32928966
36282352
11829757
23717444
23337583
19140675
38722890
18692574
20463882
28289198
25482131
31291154
29621481
34154409
32131614
21205005
26168399
15359272
25967372
18188451
28380427
20109203
19416914
30819112
22570477
23091022
35417721
20404149
20546312
31110294
18560600
19638508
36150389
34885830
21439280
16024659
17045582
27432794
30810435
29654060
28566520
29733394
34037269
22403175
25428878
21491908
20603607
16601680
23168219
24843028
22014574
19729457
30622563
27605498
21843643
11435465
36142540
24821787
19717604
21203543
29748388
27149693
17079235
27409672
30103474
17631688
34855903
25102060
11408585
25678558
15380030
22109519
14585926
36602306
30543651
30408122
34262466
36432489
35053360
20404093
17507684
29247492
19885259
28079170
20023172
12475950
22492811
16682775
27982283
32461301
28963474
34606618
28296542
35065963
30037998
21422170
28253861
29282284
32873223
36793374
18693248
21525010
23516373
27715403
37188479
25591012
12169629
34684828
12692249
16192574
30521596
34650052
24220631
16000019
30962575
30125482
21715492
26147643
36626553
30903738
31138649
17638875
38163237
35997505
27440903
37812694
20534488
25975178
17018593
20194892
25574838
25895534
31362761
24908667
20659890
27418309
21670503
24994937
21272366
30550931
25615886
34750441
35777694
21775604
36675258
35369285
29425238
31554264
20388784
23801330
26561852
23744777
24517106
26169195
32665332
38405772
26381316
12427865
30913885
32119754
26639353
11463655
22274583
33411734
19136958
12867449
29796015
36833176
20976142
25866391
19145491
18463140
21751808
36982191
33947819
17895996
21216834
22220754
22655796
26687240
26593913
38040919
24164894
35436902
18045923
19193142
24699063
18463632
21504741
22778132
24409475
25733686
33883257
22344487
19748510
27856750
31668808
33865871
36199550
29724910
18698340
36014865
26707595
11024122
30228104
35779777
25190459
28972125
11788767
23943797
32813232
38038264
28700667
17344386
36105966
37118830
30235972
16582010
18599487
27241849
34524408
23324351
22393046
25806948
29968706
28315522
20795733
31110076
38182563
28322225
18593705
21056970
36422035
33758029
21700882
15542849
16963494
25662605
29937490
29339729
19038790
10866948
25667314
15937225
20109435
29327400
25161283
30010158
22135472
30689498
19918063
25916598
34296486
28594382
32725798
24187131
29540215
17116751
21081069
22383581
31461647
34349143
17172349
26609159
22201796
30428339
28381608
26070558
32927882
25560382
24481920
25492871
15072583
24967652
38419957
21799927
33355472
21698289
29243589
25424878
35856408
21715490
24286138
11790843
25816293
31037134
24072713
38412313
22291603
22433866
22844429
22595030
34385713
20606273
20080715
25112200
29203581
19454010
35743240
18805925
18976815
26545777
17021256
21902662
12186627
32133017
31871199
35736711
36982433
33374840
22628566
28011059
32781577
20551348
19561071
18789344
17012801
23650551
32340032
27934633
31860156
24719087
20687156
33434270
18550525
20631207
38711329
33299805
36416860
12192074
29344351
15535849
20010435
29145644
19047045
23303790
11304554
25019938
27768744
28085879
31270137
37433770
28689657
31112138
32467228
33510469
14679229
31862314
24895127
34884825
36271106
18498773
19218854
25606683
27610561
22398447
28704369
29531083
31428632
18084612
18818084
27009605
34720018
34824224
16879259
24147979
25510854
11927665
23201280
30423192
18660820
32303566
29206810
22853912
23103514
15767409
24980746
35883591
27917860
26966247
12235387
19584436
38003631
38168942
34887389
21483738
18342008
16140759
29033127
33723045
15289579
15516571
27599862
23505465
16479001
17145787
20603329
21892161
38260504
21417405
24603549
30224556
33826488
14990494
25954983
28028053
36897111
31950102
11353077
17114356
32478391
26934552
34103659
16227432
19153612
35996525
26396241
25834423
17706468
25422441
37338980
34645511
17242182
36823105
33668529
17540406
29895617
32251541
14654686
26482785
18234266
36811379
37467114
29303997
28061743
21606328
16414991
19406213
23320547
29941559
21645495
22706057
33721896
17698809
12163472
28104963
20409711
11456548
33895773
16391065
24705275
25888118
28232627
28341845
33443125
32597541
21847027
27129179
33470057
16374511
19494042
20700447
23599281
24875765
28986560
32144383
29203889
35129080
35832001
32187724
37138206
29517484
31668391
27273218
20370893
31806563
23444138
16246259
18391413
20546858
23843614
36949656
37796106
32106258
19085932
26473621
31771290
17312144
25124925
24161167
19652343
19720061
18280239
29555738
14752044
11311121
11257121
20861332
24550286
37509153
15930006
36312592
22308032
20228801
28082411
17400735
25938585
19369211
17887793
18989978
11574472
10704493
14671108
33323036
24438338
19447115
22299652
23457250
21177970
33038332
17360357
19297335
25110549
17332246
26246616
27050268
29404406
27140942
36819526
35793584
20453091
22420332
14718661
29395912
18251533
17227916
29968868
35295163
34579682
17657855
31774730
22915785
20656908
27019019
29719208
25423127
35247890
28046005
34226595
28262559
34230965
22423663
20049701
34857890
25389186
31406177
35186935
26170451
31685838
16230525
34535195
21482670
26157145
28089566
28587636
22832515
27258937
25557390
19383473
30135125
28520516
27998058
17201452
36197997
12640133
38607066
27989438
35692567
38367666
25171895
31221586
34481483
26305410
28972156
29034264
31209250
26642931
22369239
27138257
33229547
19906959
26174932
21423667
23350547
24043258
28402755
17626164
19755382
33123317
32284408
22815701
29960275
32872412
29777200
31939051
25075445
27030211
32999370
17646382
30126430
25531318
11867470
37071664
31096822
26768663
34443598
22684508
33178628
11425879
12592010
36109553
38668261
19459625
23573303
20715188
21909276
25961798
31899762
32370067
34273276
19888438
20595394
11168009
33896391
15973401
36016502
20675489
33374950
34873915
21606363
24860825
19726654
28246552
24407959
36869893
31915283
25993558
15289616
29997597
29588275
34893659
22034227
37418548
21306579
26158507
33596252
18838538
28373298
25634671
25944687
26906727
31254106
24363316
30320368
25664891
17244534
24114844
21795630
25753001
21189303
37373264
22539345
24048834
26247736
20547871
31930693
32541667
15583031
27444995
35438040
34806532
34045512
17022941
34358317
10655211
31628467
21347357
17126809
21901121
23460823
32352974
37623888
26193330
30687766
35210615
33453168
22232651
27780214
30382094
31034492
26794057
26457706
24829445
16477018
32332100
36279308
19197243
17470265
25564528
27301272
28303954
37735186
27612581
22491959
22893001
30375862
12034895
21811409
36537723
28658255
22037496
28086804
19704023
18726998
20959603
22493273
30462522
37108794
17888982
19549826
27715394
23720046
19996122
25887397
31276497
33563300
28596240
26892330
32904469
29626419
28861778
24196963
18088380
11402062
25068415
31719635
10921896
18843044
33398331
30509168
21775472
19897646
28448944
29755968
20705735
32911706
28179534
19129185
31340987
24297750
20861373
24493648
29084211
15774585
26558367
37689715
32094226
23712261
17403937
30214633
11336647
30936871
21454582
21518218
26604261
35024200
30563252
35786355
16940143
31571309
33651405
34360555
31411562
28837661
34479583
16636286
17278676
24824487
35575522
22858677
37099537
26192632
22693452
32793221
36147462
38142971
26796102
21095571
32756009
31319814
28178945
34252074
26108663
35163913
27271743
37063765
35456399
16585955
20417598
19805512
26496653
25676389
16760435
19521499
27501943
32203139
21812400
16776651
35447116
25807985
31806966
21254359
25123481
27911771
24711408
35806423
19331698
24646834
31839405
23258538
15516264
22479412
11698382
27571934
19369650
32060122
33336115
23071750
23811196
28827787
25869139
24066131
31591185
35422437
34965251
33139812
21179425
33994812
34824283
30999631
36286517
12036877
28923955
19668213
32021240
30649396
26517365
18571452
17515958
22261071
31043342
23937054
16503970
18701608
26490994
36645181
25104275
34910074
33376132
20937147
34768747
16585747
23028815
28320948
32004464
35145407
34058472
23675771
30651068
22197481
12881720
31323046
27055101
22811529
30231881
37494090
30728015
26615198
34507998
29580253
25714331
34447854
29551265
26876154
19450252
27438831
19801510
22310175
26462790
37850123
30401838
12093917
26453795
38265873
30923167
33777165
29748378
18450597
11390431
23447589
25229241
29529056
36439101
36979395
22757753
33320912
22140242
35561310
26733669
14517297
19753631
22123964
19723832
20531958
30228190
35188580
30179222
20696037
33236396
11802776
36142637
15254198
22768092
23806656
23539622
24356880
34618103
22516613
20645001
18721790
28128928
37202403
36792596
26310911
29895567
28077629
27196765
26432861
31311844
18311185
31184423
26416419
33981482
30602496
32156054
31558697
24901643
23152060
22508986
19667122
23947440
20385831
37854587
16446439
23223450
26020793
28717032
21737455
21149740
26959417
23717450
24752327
34012961
31277207
34288176
36389691
28292943
26420260
15199156
25723162
25357190
22575888
35752862
33637710
29786646
30397201
30794086
28361781
26067368
36765034
16254601
24755286
11401028
38352534
19401218
12200275
35861515
29166001
21757500
38495179
21410800
16040758
15673716
15665098
26814575
34314047
28759653
18292389
21179574
22804234
35003057
37238642
29449374
36793649
18515798
32284336
26424089
19934105
26347576
12490703
19696073
24880043
31452163
33259222
11226250
12242338
22424303
30546022
29610197
15731035
36273580
23243309
19569194
33140095
25073741
37322413
22689881
26383645
32814897
37934086
16006582
20838636
23580199
18590744
19186125
31043459
15599528
25922517
21986499
21320486
25653431
15764702
33633398
15263016
35013328
20877009
33222354
25839159
31726716
22398726
28969640
34339298
26143252
25511459
23471679
33555115
23012550
31849898
31772273
31021018
28411280
30286802
37894616
26927073
35563452
26711263
32972442
23070538
22289274
36882009
33432152
19269969
27233215
12888623
22131420
25677180
18544665
38501822
18752347
29138248
38586040
29499697
23783034
20432467
23821037
14742878
20499882
22362889
24941444
30277844
17684036
32774666
11844768
20720159
22990809
14617801
28640862
28176812
27050391
23104832
16207356
15834011
20840469
25424606
18849565
25355883
23704778
19237397
19876942
28761057
35695505
26836303
36366480
22719223
38058810
18496529
27489274
35163644
37661833
21685469
30634906
24699732
25904064
11423437
20462252
25590277
30150368
11889077
33915031
12097557
15795370
32923015
20457598
22825554
12755684
27806267
21664577
21527895
32051393
20627159
18720533
38216891
30366985
24434753
38326406
16510872
21606487
37155700
21784982
31324765
14992692
20089041
31784460
37644421
17264079
30266969
23729213
26884191
30465075
31992777
17337583
28811219
36288392
26101251
12960420
37073717
36288694
23527222
26259101
26431970
20558153
27165438
28757063
36357561
22694813
17135353
32377291
32201803
20086015
33138913
20512644
23577197
32796829
19396171
22832025
23088660
28710419
31905023
38374065
16646954
12842776
23059823
20684858
36936919
24098788
25230835
37198346
30057914
35924922
21098100
21779001
36334625
30944411
29363428
35095845
27029499
11124972
18996923
28703801
27804984
33883894
19346302
34140468
19216758
30150205
16385040
16339407
27531746
24650243
26716908
28800639
28636912
24550498
30446646
15738264
24357890
22442149
25653344
26112308
23812425
19812599
26656949
20606011
28241042
20122144
22984570
34062878
20573687
21326318
23148271
34831046
29669274
26354771
25038566
18056473
26176264
27172914
19716330
20065294
28490657
21930709
30382192
20962334
21196577
22291575
25246568
25348155
26991322
29760588
15572668
14722298
36542663
20015995
28820334
23789093
28887381
19171971
21447709
23180153
23308257
21283809
24591726
21765927
22241990
19005084
30102740
36046457
11795471
23727015
21297662
26514984
23667326
27876231
19254533
23908036
18688046
25588831
36635268
20107048
16511278
27830834
24600005
33203881
15554902
31394858
35286742
38731819
28729737
12570873
25378582
27631000
18550682
27190278
28300828
17176062
16793299
26669658
38213711
24039748
26292995
24896128
34198864
32245791
22006325
26939889
28662025
26038551
31176719
33400921
31969703
37463168
30456359
19846555
24642943
23099920
20699650
20091677
24675744
20220085
18519167
34520743
21325056
36977380
16896231
34492013
33239783
23438969
33833465
15729359
18094186
34867992
19386766
11782434
17319946
25422305
28422991
25269943
35142968
32414917
19625775
17371833
33833060
20554775
30059558
23512855
21209328
11854510
18606828
22312312
12813074
28130397
33741926
23599224
36302954
11581313
34716315
29538422
36662317
18043729
30496303
33124217
16740953
33707434
22579255
19837980
10613864
23579616
18951022
19607677
21534623
17636014
35646897
34062844
30657791
19838188
37180836
25452764
15133126
37211249
19074438
24076122
25031404
34285255
21035341
19619136
28675441
26919046
22528491
20007608
21030593
36530399
38368414
22982594
17709392
29374261
24516400
19661920
19144639
10921875
11865071
19419971
35980772
16731948
21170084
32350311
21296879
20723759
37440558
22825447
25217033
21810278
22237624
24238744
34354506
38110917
24760130
16144905
19357255
30387779
22169600
32994332
27226374
24928894
28498321
22540002
18636941
15028755
20161772
20610738
26912908
27502489
33844684
21124451
29311575
20127142
15703211
37269945
11410659
11060041
34145027
23596322
17409070
17971859
21689484
24631828
34289835
31885740
20159466
31876149
31204162
34212861
34163440
11953448
29311579
25057496
35219383
26080839
32580208
35743119
20223751
37004088
37049484
17562776
37214874
23777426
27345410
23349389
34518288
30002653
35544578
26910105
35727838
37343092
17409236
23011729
16782892
32639509
24360784
38591710
17556505
29976395
30696842
20524644
32604409
15504043
20570863
36979494
27933543
36737841
37223543
11390643
24268575
18426606
12212851
30429366
29176862
35563485
18343500
25378487
12407450
20534575
28326685
26399900
24507937
25115433
31925311
25909880
18772335
25918394
19323569
12072535
32313947
31597760
21548574
19088501
25624491
16873545
20926826
24928899
31967936
22010104
31847264
35730415
37059803
23409142
25713080
22113781
34753319
19255868
22479357
30667543
11907283
20926710
16847267
24778264
27129211
22074780
33977197
28194435
18378792
19706896
21375592
15563607
28032861
31983435
19188254
28670741
35946757
27679486
36694229
25761671
26694549
24126171
28248113
21244845
20597693
22261722
26760305
33518108
34060049
36697463
25201973
25480750
29888103
25401760
34775319
23122209
20008839
33727588
37419896
33168630
24894865
20194433
24035998
36301095
18509662
11598192
10943890
24316827
37190162
25452327
17349953
34593882
35193596
23965998
34475498
10928971
37262100
27478375
25494920
21812462
30704478
33568400
17938241
36519270
16155187
25799187
37201582
20097654
34688652
22876783
28334750
10675333
15367608
34636324
28197072
27974049
21994357
37063418
36941057
17055983
26460543
22851650
22936678
36406232
38349183
32751272
34346845
32532838
15987811
36232959
22085934
34416901
20237159
26606374
38138960
30963305
19437048
34071922
14691252
23756340
25873351
29352746
22075473
30682143
36582694
38091523
29463726
11161051
12900395
12773382
30489068
18587152
18164316
28258213
32648345
22236805
22346354
21893585
29253009
21312222
15923616
31273934
24609822
26543891
27573790
23335000
23486940
28077654
23341453
33854621
17004927
25851436
37401363
30767320
26752262
19096365
19376777
24498411
16699593
38532247
19427513
17119614
27090637
11937021
17090584
24751569
30190470
36293087
26693177
23170132
24297442
19383985
26261351
19085187
32457706
28671113
30545146
18652693
24446417
12417747
26529540
34043500
20920318
21480614
32803970
33884344
26527618
16556939
23236291
26066800
28140444
32850840
33639168
23729648
30900991
26539490
11567054
16060674
20334683
31346317
36101881
22782902
26719334
33448262
28233423
34680140
36118213
37210666
38511770
22647887
20236938
37662009
26588228
33509260
23162759
18218704
22737087
24100011
34108938
10906178
32168940
30194334
21838893
21550974
23673416
19637843
31386470
22205815
32256212
36630990
34197614
30979834
14963490
26354365
37895259
28768665
25122212
31166831
11509661
27298353
22513056
12960419
22564272
37653544
32665413
18471979
17545281
24127607
34389878
34211635
20028085
24371144
32433601
11090165
33734292
31182931
33536239
29728588
30425049
31694953
23320382
14504226
28233357
24163256
26240333
14532043
17512928
35581264
24614402
27624933
37855064
31217252
27934944
21998426
30277856
21771815
22336707
25569305
30998651
34457087
33393595
36219554
38459195
20348307
30401430
36634136
16085896
26657631
34518228
33658345
20133730
27551426
19945132
26954545
21677169
32545358
33314742
34392531
31262825
28228105
24219988
19433506
30125296
27692063
12237454
28353645
27767191
18294864
35027551
32475223
30838724
37068644
34433619
21909362
22297557
32895368
34593942
20688982
21915344
23036899
27179074
31452457
26655037
17452457
17468244
30423105
22933270
33827988
35741222
23271972
38221535
21955071
21041310
25360797
26755825
34380047
21992080
19506242
33419739
20472918
29581732
33485583
27150457
12213085
35893075
19340588
34944020
19297317
27146402
11085938
28946938
20496909
18650397
28859354
29266801
32578397
18076904
21502537
21459097
24500401
23691084
16966415
21366921
23022582
18630347
25818199
28292892
22218223
30655532
18676972
18698006
38434050
27253065
12724529
32898700
32810437
17178834
19052140
18535006
19020014
36397719
35917568
15743800
28464980
22025213
25699708
35027677
34972958
37145332
19698090
20422006
27420774
34117223
23710254
18414670
30760632
19556461
24204230
36104438
16973443
19931283
25532814
10618391
16473896
14565986
20181947
22653727
33105893
31539494
19478457
20195072
25876044
22888147
32404365
24847718
30310994
21185332
29311118
24656133
27079268
31029165
22904686
31704733
23295348
31767855
28180111
19838187
10679028
32244294
21386095
35395208
22155081
24351022
25772319
36575386
24514902
21900495
24138859
26341465
28251173
20424187
28810591
25884109
11796597
17145778
12122207
20133640
36153346
37684566
37106216
35577908
21876179
18287061
32497020
26695943
23878724
28674776
36897981
24598931
18207740
35420478
21187432
25041308
20824128
29728061
30228234
26026785
23466706
28595321
20392821
20664522
16691643
25517317
28976240
34465381
12481026
21153044
35769513
23992566
25575865
30003468
25003582
24785345
29618646
30404833
36960590
36696445
23554884
17993575
20351294
27053549
31062524
34931347
26042409
21726816
10677543
25115835
17207499
19364769
19720833
20164450
32119722
17023586
25540128
37907462
31015334
18039767
16157880
18785202
26261085
19432968
26988691
33143288
17392175
22500021
21850331
32004259
11274386
23811274
27883090
18268016
18632669
23015756
16361332
31671713
36438492
19289067
23640331
17936912
26598519
27835866
31350351
16189017
22351780
26246140
26965253
30627376
31065336
32478855
30735514
16354697
35340210
37887106
19515814
38252636
10995390
31525119
22144690
26203596
37674354
23100443
28994651
34545070
32865342
26485514
16537488
37648026
15175242
19240272
32144669
33044977
36440617
17433074
23664863
19956766
12438415
20148114
20497336
14766016
26132920
36261012
18373737
28800644
25157163
34414401
27387285
28630311
33536342
38452213
25062915
27358403
29623971
30405241
34942047
27595133
31906887
27540115
37400515
35781691
16192646
21239863
31822735
12534343
22307292
28943871
30282716
28811826
29725003
30642986
35046016
34352208
35671222
12923056
23615121
36232317
25712404
26711178
27090790
33541282
21855802
34821530
20581401
36846090
35584218
19531475
28360233
22156060
21178074
17785448
35858451
24638169
23152892
28945989
31886601
19888462
28082314
29995954
31797936
30851646
22464285
33370472
20566370
23116195
29321379
32567732
26019182
11917140
28933656
24292645
30088262
36603009
25648224
17341626
19720759
18706515
27159528
34717778
25002531
31311398
38074684
17207475
26916090
19826476
24987105
24277808
25274731
19396626
30037780
31141391
21084564
19885392
12724398
17519390
37169737
17047155
10781063
17350953
22215807
34067963
21799112
21113024
34222255
30988161
18596106
21880917
21990430
16159770
23920116
28418037
24196955
12771210
34995063
22039235
25170921
23978243
34731628
30784595
12704179
23759589
34462607
23936332
33004613
22427670
24760034
24818077
27497748
35668191
25370813
33408776
20421440
21407827
30718471
30858178
37154465
34332624
21774979
18996344
24389101
28329677
29809148
25035427
17547769
37728850
34458754
38510019
35920536
18755746
22797472
12401114
36679867
20735812
21469647
19131515
25008790
15901835
16177314
26991754
33890477
34209301
35131854
33406982
23678181
31154438
15591126
18203745
25578968
38102166
21209860
12780348
21847104
27693352
27528616
34685765
32160521
37897508
17115698
22135230
31271236
21092281
22689579
22523604
12434298
28703697
34843601
19132092
31601708
20630502
23077666
30149120
27885332
19913037
36484826
11950939
26189656
25343703
32066977
19808967
11142368
37999863
20106966
23439681
24129570
17195078
20829281
33003440
38366068
25670855
26090662
29045455
21216944
22003006
30029480
28427147
15111425
23775287
25837326
17974914
21102470
20352103
26960120
10954604
23579486
38262604
32326704
34649278
17121807
28740167
15731765
23918396
25855816
21883898
29746547
35044284
33851957
21343306
37816352
25779968
18757920
30714337
35328473
20014443
11823420
19393836
31805175
20071509
34700375
21652218
28281683
27780205
17189312
12464631
31285595
19053714
27122027
22843687
35837016
27624942
37509087
12011361
25296982
37940999
24277814
24244596
30730969
36179215
35054415
36429124
23615445
31501494
32461692
37060263
35890184
18039934
20836890
23487316
21364629
18836527
21479247
32972973
27440378
37628863
31941754
23633481
12805594
15749820
20351693
24319092
26994138
23317505
23804106
16944452
28662214
18507860
37833505
33046662
19481529
24337579
18430243
29882773
15937226
16511285
24888687
35649356
20694538
18975915
24698271
29665325
19341714
37569403
16164760
23567587
12368353
19050298
28128208
35088525
15385955
21953468
37878861
20298785
19766717
18077379
38212678
18494558
16954221
20122139
23992830
27807034
19767431
37406136
35115399
24091015
18842706
22896016
22496444
25287511
32525871
12181352
22244330
29168694
23974097
25295542
21458073
34582071
36834519
34425655
21743475
28085154
23184194
23166712
16998088
17557111
24116159
29618628
31366950
35575535
23823647
26370500
12668429
34878288
27784794
29723265
16511106
32046984
23604114
34935410
21621658
36449000
27870845
35267989
23041672
33784401
22843681
12186882
21886811
25486587
19261879
28553339
26071601
23761659
23408998
21844187
22815487
31842479
29945573
25803608
29979496
32967719
10777812
22479203
22346763
26991545
33808390
32155117
20371518
24367022
19861416
20719402
33271223
35858344
27194825
35328031
38132873
33940160
36416528
37287397
21241891
33114123
34404955
35210568
23948297
22128188
35156773
23770078
10698715
32206110
12736319
16840322
37237280
22632977
12699405
12551974
29618839
26370499
23861840
26451733
34753803
31117509
32213538
25195050
21278307
29383416
18783468
34824240
28091529
23497069
18304944
31308447
22227431
30104252
29760146
25526086
32513971
21502613
11391001
36333098
27007156
28130300
19819358
15498938
21892172
12743296
21525334
34201902
35442950
25147189
16482224
29101227
24220033
30740004
33190481
26823013
31505925
24344687
32603024
19359423
25794152
30026545
29051371
22080921
18818739
21203569
38235619
23368812
21123644
20554051
32163348
28673540
16332976
19786559
12588978
20219473
24050404
11514503
25031347
34445704
20170098
27105971
21821916
28743740
29357372
29691332
33108367
14668491
27382038
25633291
23541767
20427522
19447785
33875585
28109061
15653001
34429427
25940616
30926239
32669635
17283046
21056621
20978208
24531152
20465283
22555603
21859846
27782165
20589635
20018600
24510915
32252226
31033075
28731988
14695331
20086174
19445677
25369898
24382352
38606463
16840724
17971873
19901026
26551836
34507987
23999167
38605400
27855642
32616808
22860038
10769029
30116818
31231408
34878152
19017395
18845162
21586578
22491457
27011352
31489252
21464819
18347032
21882190
32850799
35163172
36325364
34709727
37326020
23782743
23880660
29579175
34023333
25803040
26424851
28704412
30850672
25293588
19956412
22542181
26415699
30397341
37762644
24603482
23677619
17015619
35841413
30720085
29348408
17544928
18450452
25739455
35398096
23475961
22280219
26055117
11070025
19675666
27903804
34332124
31961855
31362764
28765554
25564319
30338531
26302406
31745565
37419664
25068868
25231988
31567019
22301137
35348434
32396165
21267511
28900772
35471663
20442757
33088201
30122554
25820462
21124936
16537517
25182327
30237309
10952718
28288551
15196205
18193060
23119071
29670620
20124706
25195906
23611983
28806394
18313381
21472835
20622808
29382759
32612952
22078882
21559383
24015989
18218712
24591710
26304115
34027498
34606368
38732034
27532207
25046203
30674786
26136577
20150444
30833939
10627526
18257909
23028320
21747935
18544680
28922769
23733062
26834022
38054720
24244439
25263560
28539327
34824242
37241964
22500043
21241503
38638686
31095524
23243311
15987937
12093753
17554179
20504340
15791207
21385376
25377949
27615810
31822208
34280187
24204982
19648116
23382875
29890626
14645509
24169697
30429221
20814238
22123866
21998726
18178558
22878414
24829382
32198888
10623678
23766646
27096230
15809356
20959444
16394100
26560030
15447793
17287295
32636625
21074049
18668148
25826718
35612314
36162502
37029216
21762700
33924850
27368053
11598190
17980711
25318938
27121004
37993719
25668240
30585724
29211990
29758263
26289843
29784877
18722175
10749675
12097473
21481254
36574707
37164154
26066050
27490483
36308715
29525604
26555887
34583596
24755222
27910884
34643427
11191109
27031962
11349231
30016967
24178297
18381203
19955176
23720730
12937293
25569482
36625865
26219252
27899437
23069675
28966972
31879907
37566945
18167060
31729408
23386062
27449092
29109180
30608947
20977904
24609064
23526212
24210758
19064697
19668211
35744954
34972532
25977815
25945738
32848135
32193907
32724470
20201036
24852486
29329326
38561347
20329726
21602787
28345920
33572055
23918938
28827832
32273645
31636518
32049862
35886898
23565061
32312293
18922472
36542656
29124827
27512079
37575045
30866655
29339073
31585705
28961249
16227252
31413174
31652652
31110021
22896671
22535526
22323606
20054118
28636595
19001122
11463746
19763979
15701805
35133707
36385685
38326896
24083538
32009151
15128445
27917907
12824382
26124743
18053081
15784257
24809979
28060382
35351174
36209353
28700687
25850001
25410861
22956833
19772653
21444632
26936111
34799729
11992253
30006488
22102243
27753535
18852296
20663583
18023407
29185444
22407814
21220098
32114393
11485561
16055722
21078554
35867573
15776451
16641266
32226298
21943647
26148230
33410264
27512948
27424887
30409790
25897080
20948966
17171802
19116208
26843062
14762210
20815936
25093676
30634502
21110054
30604743
16365144
19177158
24067962
26624285
27306412
28994205
34655124
22785332
12518057
10781065
11571267
28363639
14657252
23062348
19741142
23850452
21803043
21321079
25706943
32948758
14522950
24647397
15814998
19625633
27085056
31380559
15796781
21703394
21836163
21893283
25138220
38233537
23499491
30825877
31162604
28169365
34417327
24440517
27309817
29203640
31781112
27789621
22164050
10766741
15454422
35924898
28049658
34788230
30154144
26303972
29233977
19552409
36988519
30337686
18159255
22452828
29882856
33363367
31866440
31124743
13129954
29090217
25892856
27434276
22573890
11027342
32723828
21149631
29695722
28611221
31628948
25173874
34324889
30503835
17374724
37582100
30597844
15774878
19759342
19498007
28076404
18191540
24497204
15800065
24556279
15657144
22394357
29977231
24189271
25559929
22702834
31035565
20338997
30244943
32730804
30764697
35313329
29390050
15834054
32338177
26888036
33514705
34936881
31142545
22308197
14500786
10998344
31852918
30061726
29133259
23274141
29593073
21779367
33841392
28614911
23504944
31126262
27143756
15713655
22862845
27376507
19326875
28613157
38259495
21081496
35333565
11115408
25772295
21839055
18411267
29089021
16410616
22194614
27299700
38000371
30240440
21832054
29359616
32886518
22437836
18678613
21885283
25615628
17068123
29599287
11717439
14978212
27325792
18835928
19543270
27905396
19765570
27611210
15629937
29156724
12088149
30192630
37302990
10869086
37891489
18430723
23184057
24107417
30111629
34472226
19198588
30959276
30348987
37021816
35357307
36493769
28396444
30279686
31101624
30990795
29604234
21908597
24347283
28823680
17453002
27646273
32296304
31638198
31071314
37850632
37099260
23454748
32205422
31296534
32035607
21327097
20852191
29282323
36209090
28174314
31206356
20386709
28539406
36016450
14765117
23095888
36469355
28112732
21896751
35613319
12917337
34921143
29514909
34507952
23966403
14990490
29728392
32668765
36988488
16172259
38519511
27053203
29079741
29995892
23213248
28050734
35551547
19132083
16436111
28461310
29897930
35623884
31753844
27198222
28823028
23937653
37272800
38010385
20618993
27374416
24972368
21978405
33465083
37640551
21159883
21490918
28615449
26942286
22544753
24472739
31663027
32802411
25352495
21310852
36916936
18484766
22129466
17557827
25356724
21835776
20233932
28255537
30846445
26358770
32634121
38004473
25950808
21813510
28846702
15886323
31036006
32300857
30098280
35222028
34816517
26299686
18480182
21715626
22797916
25101696
31285470
38132283
18587399
11073820
22733737
17894861
27091449
37115934
26631939
32243583
21345179
16705182
21995438
25413351
24900664
28275053
15728358
30926935
27596592
32513741
34880314
31689235
25975821
30348817
35289353
28362108
34848718
25004971
25233437
15538384
32826896
25910005
36903434
24930674
20462432
33234691
35411005
16928769
23523427
15452200
31843964
15654826
25333813
19439449
35187069
31877066
21393252
24360276
16914742
26195742
26031785
30114256
18077336
24474443
17436239
36046526
23322008
34074767
35949341
33538693
17337233
31398804
28261668
35716775
29083321
15743967
24741189
19182904
36502274
23509067
30517207
20442866
27807273
22290432
11408583
15477603
22125478
22173878
23677713
19801409
22583656
29616194
16754848
24440393
23384557
30850469
31425675
34500839
26284556
35987858
29515756
17385010
26100760
27105124
25670924
38139227
24013708
36522693
38294121
28094816
21525241
33763107
25251502
26491153
26644179
32027948
34890546
16166383
37860693
15096578
18388862
11785677
35304442
36151101
30082733
25955581
30110628
34732702
22295091
32948590
37365936
34825857
30031884
23751496
17159918
17194720
27321179
31135339
32543371
19662636
33870932
23184231
16582476
25416238
32820079
23437234
22449007
17329804
38398158
17933892
36058246
25948253
27356620
37762619
22590585
34318747
30078611
37478159
24388171
38658543
34396095
23794626
17164525
22319582
22301974
17431035
16096642
21238931
28082312
35723295
34683411
11127271
18765729
31763849
33649372
28376709
16952938
36798424
20616014
20581305
21069870
12644502
30987365
18533226
21454614
11121053
29244007
24257752
27018790
18701654
21941430
24078611
28207811
26948874
25666614
33443153
35773470
22253752
23166517
34978291
20164675
36123327
19825980
26147621
25287923
28115380
38112429
19258014
25893165
21810446
26362438
22659402
32514270
30914409
27117409
34712646
16340007
30680005
20395473
18663709
32541056
28531200
32992956
27591251
36555435
35899934
26529309
35183794
24217620
27513322
34443543
29426917
23674679
25120270
25474152
11564762
26728554
37066405
37526955
18653708
28103666
26869491
31623284
31848346
36464671
36782064
22733763
26194851
24921651
28471021
29880840
12746530
11438660
17158604
34680932
34337769
34630854
34645466
36375051
23610410
28863150
31456950
37875807
31738806
27903653
11880490
18628209
28163104
19033443
31575655
19854131
29892061
23190500
30372424
27821775
34699985
19372185
34514932
25079249
24013844
22976541
18284607
22483116
23716697
24706758
30215728
36852859
36270327
25801976
25368119
17718915
25664501
25027712
18381894
21091241
19492085
16672483
30824472
25031354
18441024
32401565
25157093
38517295
38720392
21441787
33028638
29370096
21131275
24001775
11253136
30934618
36726473
29203496
23557359
19561611
15329671
24265315
23620741
33468665
31519191
34433672
25410875
15331393
21040358
29720923
33683200
12427987
26043299
28678791
26010708
30677074
27009120
18790823
33332560
12525611
24618901
25609700
20459645
21098112
37940881
25710910
27531623
27845343
32462207
30885959
17901130
34162887
25514127
24509510
35476600
34040386
16449194
27597525
38157366
21533085
22087253
20139084
24009666
23227893
23393614
24158820
27803308
32732927
36136059
29786069
21318019
28056027
12050365
12456660
23091056
16027367
32258829
21041670
18556790
23861884
24036680
22114566
32958733
28148493
19696144
27271376
27345029
18245235
25635811
34093851
26859324
30067478
22869380
31068362
35351852
28559336
20485495
34536193
24752297
28944216
21159863
38664831
23159923
30804390
37095942
38491952
24578385
18754676
27414498
20483768
20814968
29233179
35863053
23056563
30401782
38310140
34665823
26167872
37201645
18266981
27881681
22684078
37964967
31955243
18687074
25273559
27048650
15643056
31888238
34297911
36010884
30979712
34174287
12034838
25319830
17615233
32790142
23204305
17350035
25053836
30287841
30590814
30865631
35562896
31766580
21828097
34539985
14634209
25290693
29844505
38076906
30424953
36527237
17430558
22282497
23223239
17097160
33558392
24506813
25941352
28957393
31138750
19474093
38358563
27519414
24858701
36142395
18227168
17043309
19997561
20092282
26527620
27035095
11194192
22106312
24587015
26992697
22215586
21157431
29603246
19535514
19348678
23332067
29263792
32214208
24074367
23769674
23339423
18535106
19332778
34161757
23275879
28733457
22629383
37523003
37569828
35324941
35737057
37752552
24675841
25784656
17485478
26994221
15317865
35363522
37755527
37427543
20308576
33941617
31511561
25673694
25460368
34375548
36294893
28852059
18319724
20833718
36327346
20639533
28674022
34648034
31294851
33153481
11914277
17401189
32896313
33149120
32999417
35142288
24287201
29712844
34835036
16183887
12433965
21191009
19407342
24593806
36181679
36840824
27795492
30218199
24520380
29459780
36233202
18648646
24850735
25071087
37624101
16052213
27735862
29883485
27412325
23799087
24504734
28859856
31104415
23994639
12724404
27694621
20732877
32976764
25719202
22750945
23435891
22826604
24281069
25239601
25225797
25624478
31783119
25404745
16611907
26124182
30322904
20978127
22850507
31294849
31199242
17209027
22544739
24598919
29128752
12628002
17908822
27322064
36749362
21653943
18321387
19703698
28719581
37314654
29872262
23047200
34714849
31243102
36280687
38199575
20492459
23519618
31664109
32721120
31582818
20356831
23882029
34726688
20969917
30360415
29449627
38511671
21784245
20199942
35774362
18156178
35007533
14561895
34132614
37311770
15483052
29263102
19920180
16814729
23122589
34085857
21430257
38276821
11602707
14576282
21037566
24205359
11258703
24160919
30524422
33573199
33732792
32253345
23496965
26332397
20133760
12496152
35392228
32371397
36298776
27986812
30392563
34604456
27791206
21726676
31308660
24766809
25109876
34063415
19782027
24315368
32514243
18261743
23692340
18196455
31507162
21479168
20945900
21939528
19098127
30107581
33108974
32669336
29995110
27009335
25944062
34198327
31752022
35617122
26962944
30644439
16648265
18447585
25775354
20950448
30728184
19132102
25951186
23481399
23021224
20976158
28115623
12642660
11802782
24251720
21632984
16869958
33095052
36213104
15798209
32239177
23152512
31828147
21399625
37998361
33717067
25593322
18621007
24755741
14645076
26481147
31061125
35969788
22705924
29625473
30520126
27636892
20068042
37292879
29882778
11526161
10848595
29930024
31061395
27286936
28157509
29306061
30180843
17030947
17468224
31488323
11415448
17628447
20106914
20451387
36518060
16083423
33317552
23714361
26385961
38346753
31371450
15140951
25516435
29547350
11595800
32719139
11157758
35676242
35985624
22981937
23881354
27609711
26712006
38048723
24238017
30745841
19017811
26667279
16626485
22539874
23645497
26026051
28127848
28449067
26448466
17185421
30484775
24813188
26975372
31994784
35197112
34458413
18941234
33218166
16754958
23760279
24837391
25556190
12915888
30658590
35238480
23601320
25589783
16782035
33608451
23395902
20668962
16449994
20921220
25552726
22922989
28270578
23093934
35711411
36156247
20739507
19342797
14511235
20439997
23603449
11739736
28667113
11438678
22988020
31501867
32168758
35975718
25876075
18678862
27913303
19013282
23609930
21148254
19684203
15070765
26738596
32365647
33046654
23349025
28475894
19525971
24573681
25005096
29480818
22792265
22139149
34606375
26637561
12944296
32461639
11707601
21245084
37258260
37137991
19423710
19393591
24886428
23029325
26845441
12554867
24020356
25512576
22039058
26935956
29296226
30692671
10930360
38553566
31940793
24722484
23263654
27227327
30062477
31990689
34795452
24072714
31969673
29261847
35708735
16837592
15142256
27930812
35934484
34599171
27349859
36118693
32831568
20096126
22483617
27617576
31110221
23380587
33783110
23814058
22905864
25478689
34593610
35867177
19855849
33355670
36809979
25936800
18674782
25631050
28068782
26451601
26435068
26389898
27717325
22429898
27620165
20573702
19270714
24338016
22865842
19309492
18936234
18525123
33814899
20976248
23942232
26657568
29352321
19421778
16221864
27681137
25402453
22707484
26842778
35024026
22720874
35866362
38542866
34257821
26561583
19706421
18439253
22518846
12488437
15189903
15630135
25618336
31107465
33413501
36185022
37061723
36912239
26786004
28742852
17968311
21085656
27262126
28342321
29892507
16495444
16054592
19289601
36697255
29305420
30387773
11087812
34964287
23597856
20187982
25128373
25339546
22243443
34345201
11416140
18199671
13680194
24335306
26434553
36870682
30843878
37940560
34576328
22223883
27863409
36290107
23128244
27911872
23958864
24205365
11988099
28084409
28193689
37547952
29912910
23002225
26117840
24442241
28011644
35154160
19690069
25369000
17189316
32726629
37066138
22815782
23874410
20064462
25126518
22654669
32893723
35946312
35967317
33322203
26487553
17701893
26413851
35763649
22933285
11160905
30518149
25917063
27763986
27870829
34088742
17166055
29055021
29137866
18063658
31562245
38297207
31484748
26604162
30450857
11454741
23408939
20348092
18216254
22508728
32592424
11356961
31123048
35534514
19332556
15492226
25232658
35316728
21729877
12672265
29851294
21189250
10799607
28273089
37283747
33946149
36162872
38007473
25210733
32079178
32989171
24142258
15280225
31091334
19696147
26728464
16093398
16554368
21789514
19079358
26374986
30581147
23935941
21994943
17121846
32189964
15879519
30906217
19272450
36284096
36656670
19608746
20926658
21786338
27892693
21447563
30291121
21606336
18250306
19841653
18849417
33182997
19144853
31289266
19590039
17526739
23540446
28820290
23002146
23248316
27523280
34118235
27449340
12710887
22142594
29031715
12208953
25271629
37859625
33725483
24510898
12221284
25025074
19177560
22043307
28074831
33149280
33019757
17081987
28081182
34257288
38481817
21822278
23447530
21474445
23553632
15810437
30305110
34311469
17428795
22246182
35080493
21068446
28380426
20404143
33554651
24475259
29215029
28523739
24958721
21502374
30760575
16309698
23481254
29109439
15096636
28557002
24313996
23756770
33446695
27261002
28002465
22253818
37435613
21887348
20557369
29187599
19577230
16361264
36807601
21076041
22658523
35658083
29552582
33786632
34707099
24459079
18651751
18846200
37461606
26606592
22942730
34737376
26022416
30846702
19172738
28727759
26221972
33592625
12456005
32236356
19048102
32472021
35363482
18539749
19573811
18398066
37781370
34124939
19536197
38574461
16714592
24316832
32579174
36335386
17599100
31735169
24006484
20506188
20364833
20050635
19286658
33322152
24563463
22183598
33290859
19478397
36377896
14978303
18187573
24440645
26134898
25801720
32822394
27320910
34766332
22941641
20606283
24449168
32982402
19906708
27198219
37185343
38177920
30870411
34473107
23794785
15574956
37100909
27488662
34155144
19091023
35807113
38467832
14676314
27587390
37207340
29883241
31840320
31525884
18497740
29261405
27226487
34824207
19486527
23742156
28750626
28802272
28790027
32041202
21233332
21846906
22500075
27252375
24205171
37865750
12975524
27310713
32457736
38021376
18987337
14735193
26432634
26837699
23202964
23851565
30886319
36652337
29133892
14679188
22850482
37047823
16157866
14742513
25869670
29624053
20525243
24768297
19359241
30737417
24867958
22277969
36649314
22160327
22762452
23277279
36734974
12169624
37650870
33526453
30203071
11940652
17708671
24499724
24143209
19850004
36056355
32630428
16426233
20109190
25997408
15632061
35479015
18448522
37772835
11309236
27519690
36049481
28801509
24488923
34018649
16611743
18487324
19085989
38242702
24472849
27984589
28862341
28546657
35871298
35891898
12368209
21037095
21936546
22428003
24441041
38403678
20203291
22621922
31192158
29276823
23227270
21953144
21562564
29247569
35377392
31548674
33117360
34791357
34039974
29259197
17612557
26900580
20643810
22753782
15167887
34280180
25494202
26063804
32291317
10944117
32341083
29563286
26594036
30976809
27530542
21930648
20351098
22893039
22808163
27998038
36496969
27763641
27114555
16436605
20858444
18312640
29229705
38285074
21139075
23620283
27110918
30012592
31963539
35620523
23035106
19651607
24599031
20574004
31068132
28410976
22844395
36977772
26571296
16672539
30691130
20953144
34356120
28176784
37793212
35196350
27489107
24942588
31932316
16651656
26841764
31575603
23097687
34195851
37953256
26224545
17314286
25314274
31570620
20143871
25123359
36827708
21625004
11854498
23131833
38305149
20220129
18757563
38416831
38486279
15918904
28826505
23308369
30318141
31071929
34313529
19307607
31504692
37127291
15994785
23979707
26496697
17575048
20473900
22768161
30670545
18695251
29697309
24371268
24920624
14640983
19594868
20147737
22215681
38355626
31016187
18275811
38112538
25375166
20394428
38175759
20604966
23425954
17609381
24947832
33502312
31754404
23907089
24599957
24127597
23284708
27801899
24962213
23368968
22701750
17614368
31666097
21699975
12065515
25752730
11133980
23527285
29848307
29343545
22036573
34214527
30306706
21729330
18190909
33064779
21532592
21029409
27412013
19770190
30335810
36456548
28052936
20844574
27401555
29628140
34021257
33177156
18538016
38405741
16211010
34032566
21886804
18590548
16595295
26721480
25295847
31345090
26204937
27851945
31700116
38260608
24212942
23201679
24614542
26885618
27895122
35062769
31717991
23318434
23554964
34839766
38616260
18774960
26811317
33903104
27438061
20660598
21952050
20822789
32161144
23097125
27935824
25584637
22960910
34526913
30087156
32764981
33946891
22722102
27511017
28174683
32312959
38486086
32751344
28484024
15377534
18392147
25871636
19401828
21863821
26231234
19462403
24395459
24784134
21992595
31822666
18430931
32041797
25691663
28221136
29881624
24449180
22896701
18771690
17978092
21596312
37173420
28604679
34830055
26407691
18081928
15184659
22123199
22266654
26413214
33443148
24239349
18522759
26112740
37437211
15143168
20188819
22180534
23709627
22362744
22434887
24098540
23441189
28732502
31888685
33332350
35053368
35681213
36139357
24983628
27997560
25107590
33835763
17623032
22532510
27746591
11929972
35776779
21183956
17145369
25267638
25512313
24277839
14645270
30464241
11701887
33786993
25494095
36871761
16928192
36190267
37590370
23447673
22898870
14699049
30237207
20093367
30971817
22438303
32960677
24925926
10913178
29907569
20231317
23991205
21911480
22348324
23986494
25713071
16944953
17478495
19567243
27059706
21060679
19211843
21619884
31511519
11387199
26761639
28786240
31000697
31531187
20103594
22037009
33095984
16946399
29323275
19366692
20647544
20732952
21199564
19046338
22539978
28199381
34326691
37415631
38464265
22231427
18607089
35922525
22166141
11960001
19011106
27235627
21589899
26503891
21562599
30832682
18401410
19013279
23989853
34469846
33927349
15086390
24089527
26854235
35479419
24216290
30891952
32427590
37175463
32579429
30496313
25239919
22998693
22891766
21248029
15855639
23281936
25034786
30718414
15581873
34331944
30532130
27871367
36893265
32155318
31988095
27602573
28827597
20576609
15166146
35657675
32977829
23590194
23237566
25356837
31932427
34067570
24097942
25737145
26080392
28598254
21468940
30065627
31636955
29086812
34048583
21239625
35977417
36171357
32075509
17553674
31638911
17962812
28514666
32513940
16803458
22550171
24863754
19963390
23139417
26695191
19433803
24951440
23691159
34944536
29760875
33266502
23527194
29946357
15944452
22847537
36913025
22064854
21543326
25838869
37706684
22260435
19165147
18698421
16109942
25493428
26021743
14990749
24829446
17636032
31823156
23555681
29018206
25886179
20702411
16906143
22449099
27472465
36105252
20442874
16800620
31308359
33514561
25418172
20714345
37345209
12428009
20535623
31792450
16247028
23616526
26472759
14566804
28834754
31712417
29397070
29588524
23894317
32916130
24124181
11274401
23625917
38657072
31584451
32669441
36201520
33484636
19834009
36656859
24161930
25211362
21051664
29408956
18279952
36533443
31579943
18791239
23946462
36188467
25847537
27487821
29142197
18212815
36702972
29393419
18523301
18453340
20923173
21980453
18408178
24498240
16912298
28172519
20833824
20851889
23575248
19835853
30353167
23805323
36079892
15070433
35037038
15790428
23637408
31201325
23132854
28987956
12060678
18616809
28225071
36293503
23582144
28542579
29346379
37885470
24651533
38729938
28708849
36224049
11172017
37267233
22766025
29678960
33751272
36919984
22722835
24274103
24899048
28860193
35733270
18835990
23155467
20844579
26933033
32352965
17521432
30413703
22375008
38577476
28223711
24867644
21899776
25578618
32719361
22547686
10944231
36966146
22239739
15470246
30948457
23424244
30917160
36120600
20837679
17579087
28060253
28298440
33038070
21293053
34951404
21729696
22893377
17098902
27480037
27541140
15104537
27501258
32528179
26002869
30249704
27028637
23101881
35230129
21421780
22337809
11972450
30577865
23297674
34974536
22844399
24225949
30809309
29669541
19426208
21282416
32252254
38348092
34260377
21502329
33267659
32393602
28579770
38679694
16199882
28284560
34650909
25422678
17562021
26828861
22037788
24788542
21855526
27101012
19038037
19187040
21255330
26222931
34239069
12163469
18993086
25926105
27824888
24236046
25192011
23180824
15923604
24067384
26496687
31930498
32760390
17696256
33208041
18281060
34265872
35314672
14507968
38236733
22917970
36121023
26378045
32409752
37298772
33396280
23604065
21994367
22083954
28817804
30809312
22128911
11287609
27661253
17554162
26013816
36844397
33526854
14576305
12876323
23514889
37108352
17651493
29217655
10840064
19296472
26419610
27761169
27091363
25409744
31547130
31532570
34364874
31518613
37457030
27559025
25536293
31276222
21773675
25348805
30424007
31231026
16783010
28559298
36214476
38640110
19477918
28340599
19214230
27026709
29185848
21565221
32144252
20360068
28188293
21840484
22894905
12417653
17950006
20675381
18518970
20664542
28978329
36264309
30582694
31216483
38600588
12829848
27631497
23966860
25486568
35696012
38375821
34869393
20833801
28797103
16859490
34707248
18723524
31268833
35304469
26543160
23959800
18701447
15701799
34699186
10688912
23408896
23212899
15983404
22416225
25251219
12221126
21646404
23277477
30071471
10922060
33706671
33664379
21719644
34487557
29311088
34446564
22479371
31720998
22795694
24688168
37357828
32218563
18303015
29262359
31417553
31791403
36479107
25166858
35245502
30177695
37510379
